	11.0	12.0	13.0	14.0	15.0	16.0	17.0	18.0	19.0	20.0	21.0	22.0	23.0	24.0	25.0	26.0	27.0	28.0	29.0	30.0	31.0	32.0	33.0	34.0	35.0	36.0	37.0	38.0	39.0	40.0	41.0	42.0	43.0	44.0
MCW_CT_ROA_100_R1	2.0	8.0	20.0	43.0	70.0	160.0	290.0	556.0	1034.0	1782.0	2950.0	4771.0	7085.0	10211.0	14789.0	20040.0	27387.0	37077.0	48255.0	63810.0	83396.0	108472.0	137016.0	174867.0	220566.0	279187.0	353335.0	446573.0	570109.0	746218.0	1017268.0	1522868.0	2548530.0	1202859.0
	2.0	3.0	4.0	5.0	6.0	7.0	8.0	9.0	10.0	11.0	12.0	13.0	14.0	15.0	16.0	17.0	18.0	19.0	20.0	21.0	22.0	23.0	24.0	25.0	26.0	27.0	28.0	29.0	30.0	31.0	32.0	33.0	34.0	35.0	36.0	37.0	38.0	39.0	40.0	41.0	42.0	43.0	44.0
MCW_CT_ROA_100_R2	5.0	69.0	277.0	431.0	654.0	927.0	1256.0	1849.0	2353.0	3303.0	4339.0	5821.0	7863.0	9828.0	12185.0	14686.0	17246.0	19755.0	21829.0	24905.0	27878.0	31216.0	36165.0	42689.0	50416.0	60089.0	71247.0	85846.0	101890.0	121403.0	144997.0	172945.0	204463.0	243831.0	293720.0	355946.0	436991.0	552373.0	733947.0	1071855.0	2064732.0	2596489.0	895.0
	11.0	12.0	13.0	14.0	15.0	16.0	17.0	18.0	19.0	20.0	21.0	22.0	23.0	24.0	25.0	26.0	27.0	28.0	29.0	30.0	31.0	32.0	33.0	34.0	35.0	36.0	37.0	38.0	39.0	40.0	41.0	42.0	43.0	44.0
MCW_CT_ROA_101_R1	2.0	4.0	17.0	41.0	77.0	156.0	367.0	719.0	1399.0	2533.0	4231.0	6520.0	9715.0	14087.0	18986.0	25389.0	32741.0	41739.0	52548.0	65174.0	78774.0	94935.0	114698.0	137156.0	163119.0	194864.0	236382.0	286104.0	354255.0	448648.0	594693.0	867481.0	1411465.0	713668.0
	2.0	3.0	4.0	5.0	6.0	7.0	8.0	9.0	10.0	11.0	12.0	13.0	14.0	15.0	16.0	17.0	18.0	19.0	20.0	21.0	22.0	23.0	24.0	25.0	26.0	27.0	28.0	29.0	30.0	31.0	32.0	33.0	34.0	35.0	36.0	37.0	38.0	39.0	40.0	41.0	42.0	43.0	44.0
MCW_CT_ROA_101_R2	3.0	65.0	253.0	351.0	500.0	679.0	913.0	1268.0	1730.0	2296.0	3021.0	4033.0	5074.0	6577.0	7943.0	9366.0	10776.0	12291.0	13503.0	15467.0	17266.0	19564.0	22905.0	26903.0	31997.0	37931.0	45713.0	54618.0	65084.0	78120.0	93065.0	110370.0	130535.0	155497.0	186197.0	224879.0	274686.0	346209.0	458277.0	660934.0	1266767.0	1568435.0	626.0
	11.0	12.0	13.0	14.0	15.0	16.0	17.0	18.0	19.0	20.0	21.0	22.0	23.0	24.0	25.0	26.0	27.0	28.0	29.0	30.0	31.0	32.0	33.0	34.0	35.0	36.0	37.0	38.0	39.0	40.0	41.0	42.0	43.0	44.0
MCW_CT_ROA_102_R1	3.0	3.0	12.0	20.0	40.0	66.0	132.0	281.0	503.0	827.0	1365.0	2201.0	3341.0	5122.0	7418.0	10236.0	14358.0	19760.0	26886.0	36218.0	48546.0	64162.0	85100.0	112250.0	146617.0	192713.0	254142.0	335934.0	453554.0	621820.0	899908.0	1436187.0	2801113.0	1423733.0
	2.0	3.0	4.0	5.0	6.0	7.0	8.0	9.0	10.0	11.0	12.0	13.0	14.0	15.0	16.0	17.0	18.0	19.0	20.0	21.0	22.0	23.0	24.0	25.0	26.0	27.0	28.0	29.0	30.0	31.0	32.0	33.0	34.0	35.0	36.0	37.0	38.0	39.0	40.0	41.0	42.0	43.0	44.0
MCW_CT_ROA_102_R2	4.0	77.0	251.0	453.0	578.0	814.0	1191.0	1687.0	2343.0	3109.0	4240.0	5734.0	7577.0	9789.0	12395.0	14718.0	17054.0	19309.0	21499.0	23421.0	25900.0	28845.0	32799.0	37928.0	44554.0	52366.0	61891.0	74544.0	88053.0	105947.0	126517.0	151068.0	180899.0	216967.0	263387.0	322292.0	401291.0	515402.0	697068.0	1039559.0	2032713.0	2357462.0	876.0
	10.0	11.0	12.0	13.0	14.0	15.0	16.0	17.0	18.0	19.0	20.0	21.0	22.0	23.0	24.0	25.0	26.0	27.0	28.0	29.0	30.0	31.0	32.0	33.0	34.0	35.0	36.0	37.0	38.0	39.0	40.0	41.0	42.0	43.0	44.0
MCW_CT_ROA_107_R1	1.0	11.0	16.0	72.0	129.0	271.0	528.0	1108.0	1970.0	3715.0	6091.0	9940.0	15123.0	22870.0	32558.0	45002.0	60610.0	78746.0	100993.0	126720.0	154485.0	187355.0	220736.0	260447.0	303511.0	356004.0	415669.0	493940.0	596557.0	736040.0	944333.0	1291985.0	2004473.0	3728103.0	1897648.0
	2.0	3.0	4.0	5.0	6.0	7.0	8.0	9.0	10.0	11.0	12.0	13.0	14.0	15.0	16.0	17.0	18.0	19.0	20.0	21.0	22.0	23.0	24.0	25.0	26.0	27.0	28.0	29.0	30.0	31.0	32.0	33.0	34.0	35.0	36.0	37.0	38.0	39.0	40.0	41.0	42.0	43.0	44.0
MCW_CT_ROA_107_R2	2.0	121.0	517.0	921.0	1263.0	1758.0	2281.0	3170.0	4199.0	5625.0	7404.0	9476.0	12358.0	15812.0	19760.0	24046.0	28161.0	32488.0	36482.0	41093.0	45397.0	50621.0	57294.0	65535.0	75911.0	89541.0	105332.0	125756.0	150091.0	179197.0	213436.0	254809.0	304021.0	363131.0	436244.0	528100.0	650944.0	823688.0	1088547.0	1578582.0	3009472.0	3653914.0	1260.0
	11.0	12.0	13.0	14.0	15.0	16.0	17.0	18.0	19.0	20.0	21.0	22.0	23.0	24.0	25.0	26.0	27.0	28.0	29.0	30.0	31.0	32.0	33.0	34.0	35.0	36.0	37.0	38.0	39.0	40.0	41.0	42.0	43.0	44.0
MCW_CT_ROA_109_R1	5.0	12.0	34.0	89.0	147.0	281.0	535.0	1038.0	1794.0	2975.0	4643.0	7117.0	10497.0	14706.0	20381.0	27167.0	36540.0	47410.0	61366.0	78225.0	97530.0	120958.0	149488.0	182510.0	224946.0	276379.0	347557.0	443691.0	584683.0	807409.0	1205420.0	2060828.0	4539668.0	2336478.0
	2.0	3.0	4.0	5.0	6.0	7.0	8.0	9.0	10.0	11.0	12.0	13.0	14.0	15.0	16.0	17.0	18.0	19.0	20.0	21.0	22.0	23.0	24.0	25.0	26.0	27.0	28.0	29.0	30.0	31.0	32.0	33.0	34.0	35.0	36.0	37.0	38.0	39.0	40.0	41.0	42.0	43.0	44.0
MCW_CT_ROA_109_R2	3.0	98.0	463.0	880.0	1173.0	1489.0	2117.0	2984.0	3841.0	5122.0	6865.0	9038.0	11699.0	15386.0	19113.0	23182.0	27377.0	31897.0	35828.0	40123.0	44566.0	50674.0	57340.0	66899.0	78704.0	93573.0	113059.0	135613.0	162245.0	194602.0	232971.0	277379.0	330703.0	392262.0	467682.0	562047.0	685599.0	857134.0	1116150.0	1591585.0	2909588.0	3032537.0	917.0
	11.0	12.0	13.0	14.0	15.0	16.0	17.0	18.0	19.0	20.0	21.0	22.0	23.0	24.0	25.0	26.0	27.0	28.0	29.0	30.0	31.0	32.0	33.0	34.0	35.0	36.0	37.0	38.0	39.0	40.0	41.0	42.0	43.0	44.0
MCW_CT_ROA_112_R1	4.0	2.0	15.0	36.0	61.0	117.0	262.0	471.0	934.0	1495.0	2421.0	3823.0	5733.0	8262.0	11664.0	15692.0	21153.0	27391.0	35861.0	46274.0	59885.0	76425.0	98525.0	127131.0	165310.0	217038.0	287723.0	389726.0	538812.0	773968.0	1176907.0	2016850.0	4370596.0	2324032.0
	2.0	3.0	4.0	5.0	6.0	7.0	8.0	9.0	10.0	11.0	12.0	13.0	14.0	15.0	16.0	17.0	18.0	19.0	20.0	21.0	22.0	23.0	24.0	25.0	26.0	27.0	28.0	29.0	30.0	31.0	32.0	33.0	34.0	35.0	36.0	37.0	38.0	39.0	40.0	41.0	42.0	43.0	44.0
MCW_CT_ROA_112_R2	2.0	76.0	388.0	736.0	1067.0	1460.0	2147.0	3040.0	4205.0	5665.0	7805.0	10759.0	14433.0	18764.0	23848.0	28871.0	34277.0	38199.0	42488.0	46644.0	49609.0	54489.0	61235.0	69337.0	80818.0	94632.0	111591.0	133386.0	159727.0	190183.0	224540.0	267585.0	317477.0	376474.0	449167.0	541377.0	657940.0	821344.0	1070538.0	1521249.0	2704348.0	2561946.0	733.0
	11.0	12.0	13.0	14.0	15.0	16.0	17.0	18.0	19.0	20.0	21.0	22.0	23.0	24.0	25.0	26.0	27.0	28.0	29.0	30.0	31.0	32.0	33.0	34.0	35.0	36.0	37.0	38.0	39.0	40.0	41.0	42.0	43.0	44.0
MCW_CT_ROA_113_R1	3.0	9.0	10.0	47.0	104.0	176.0	376.0	674.0	1246.0	2130.0	3481.0	5260.0	7974.0	11394.0	16054.0	21989.0	29817.0	39356.0	51586.0	67239.0	84637.0	106707.0	132901.0	165279.0	205810.0	256900.0	324661.0	415505.0	546321.0	746449.0	1090274.0	1814824.0	3950116.0	2125470.0
	2.0	3.0	4.0	5.0	6.0	7.0	8.0	9.0	10.0	11.0	12.0	13.0	14.0	15.0	16.0	17.0	18.0	19.0	20.0	21.0	22.0	23.0	24.0	25.0	26.0	27.0	28.0	29.0	30.0	31.0	32.0	33.0	34.0	35.0	36.0	37.0	38.0	39.0	40.0	41.0	42.0	43.0	44.0
MCW_CT_ROA_113_R2	2.0	85.0	336.0	578.0	737.0	1004.0	1512.0	2023.0	2588.0	3515.0	4776.0	6317.0	8297.0	10653.0	12779.0	15648.0	18098.0	20267.0	23012.0	25171.0	27734.0	31410.0	35022.0	40346.0	46547.0	53793.0	63625.0	75900.0	90487.0	107941.0	129899.0	156742.0	190183.0	231616.0	285191.0	354885.0	450065.0	590897.0	822252.0	1279733.0	2768048.0	4233390.0	1675.0
	11.0	12.0	13.0	14.0	15.0	16.0	17.0	18.0	19.0	20.0	21.0	22.0	23.0	24.0	25.0	26.0	27.0	28.0	29.0	30.0	31.0	32.0	33.0	34.0	35.0	36.0	37.0	38.0	39.0	40.0	41.0	42.0	43.0	44.0
MCW_CT_ROA_114_R1	2.0	3.0	7.0	18.0	38.0	83.0	182.0	328.0	665.0	1229.0	1997.0	3359.0	5048.0	7517.0	10946.0	15413.0	21244.0	29167.0	38722.0	51777.0	67597.0	87473.0	111886.0	142760.0	181595.0	230905.0	293855.0	375342.0	486114.0	646094.0	902771.0	1398021.0	2689926.0	1326892.0
	2.0	3.0	4.0	5.0	6.0	7.0	8.0	9.0	10.0	11.0	12.0	13.0	14.0	15.0	16.0	17.0	18.0	19.0	20.0	21.0	22.0	23.0	24.0	25.0	26.0	27.0	28.0	29.0	30.0	31.0	32.0	33.0	34.0	35.0	36.0	37.0	38.0	39.0	40.0	41.0	42.0	43.0	44.0
MCW_CT_ROA_114_R2	2.0	62.0	217.0	374.0	516.0	672.0	1015.0	1324.0	1924.0	2625.0	3590.0	4779.0	6193.0	8122.0	9966.0	11846.0	13607.0	15340.0	17513.0	19466.0	21631.0	24659.0	28595.0	33899.0	40734.0	48643.0	59349.0	72149.0	86913.0	105812.0	126285.0	152238.0	182360.0	217858.0	263641.0	320932.0	397253.0	506154.0	677452.0	998990.0	1969064.0	2674398.0	814.0
	11.0	12.0	13.0	14.0	15.0	16.0	17.0	18.0	19.0	20.0	21.0	22.0	23.0	24.0	25.0	26.0	27.0	28.0	29.0	30.0	31.0	32.0	33.0	34.0	35.0	36.0	37.0	38.0	39.0	40.0	41.0	42.0	43.0	44.0
MCW_CT_ROA_115_R1	3.0	10.0	27.0	58.0	110.0	266.0	560.0	1101.0	2117.0	4045.0	6993.0	11302.0	17155.0	24970.0	34744.0	47689.0	62845.0	81278.0	103314.0	128433.0	156821.0	190395.0	228140.0	271199.0	320592.0	378939.0	449858.0	537834.0	653061.0	816573.0	1070567.0	1568300.0	2927222.0	1608732.0
	2.0	3.0	4.0	5.0	6.0	7.0	8.0	9.0	10.0	11.0	12.0	13.0	14.0	15.0	16.0	17.0	18.0	19.0	20.0	21.0	22.0	23.0	24.0	25.0	26.0	27.0	28.0	29.0	30.0	31.0	32.0	33.0	34.0	35.0	36.0	37.0	38.0	39.0	40.0	41.0	42.0	43.0	44.0
MCW_CT_ROA_115_R2	4.0	63.0	220.0	418.0	522.0	705.0	913.0	1239.0	1696.0	2269.0	3000.0	3764.0	4951.0	6226.0	7733.0	9522.0	11056.0	13050.0	15493.0	17992.0	21690.0	26462.0	32517.0	41047.0	52072.0	65604.0	83022.0	103907.0	127920.0	157182.0	192386.0	232313.0	279157.0	333692.0	398178.0	479574.0	583725.0	726734.0	942500.0	1336395.0	2459713.0	2927577.0	1050.0
	10.0	11.0	12.0	13.0	14.0	15.0	16.0	17.0	18.0	19.0	20.0	21.0	22.0	23.0	24.0	25.0	26.0	27.0	28.0	29.0	30.0	31.0	32.0	33.0	34.0	35.0	36.0	37.0	38.0	39.0	40.0	41.0	42.0	43.0	44.0
MCW_CT_ROA_116_R1	1.0	2.0	12.0	13.0	31.0	57.0	116.0	212.0	414.0	762.0	1354.0	2186.0	3466.0	4968.0	7227.0	10111.0	13525.0	18044.0	23957.0	31585.0	41769.0	54382.0	70362.0	92144.0	120112.0	157311.0	205616.0	274543.0	367952.0	507522.0	717618.0	1068725.0	1775724.0	3741304.0	1994894.0
	2.0	3.0	4.0	5.0	6.0	7.0	8.0	9.0	10.0	11.0	12.0	13.0	14.0	15.0	16.0	17.0	18.0	19.0	20.0	21.0	22.0	23.0	24.0	25.0	26.0	27.0	28.0	29.0	30.0	31.0	32.0	33.0	34.0	35.0	36.0	37.0	38.0	39.0	40.0	41.0	42.0	43.0	44.0
MCW_CT_ROA_116_R2	2.0	74.0	344.0	642.0	828.0	1198.0	1580.0	2337.0	3117.0	4299.0	5766.0	7695.0	10267.0	13206.0	16144.0	19469.0	22555.0	25931.0	28467.0	31315.0	34688.0	38036.0	42874.0	48604.0	56164.0	64984.0	76325.0	90116.0	107568.0	127435.0	152576.0	181406.0	217709.0	262121.0	318247.0	390053.0	486113.0	626679.0	849899.0	1278688.0	2554704.0	3106691.0	1105.0
	11.0	12.0	13.0	14.0	15.0	16.0	17.0	18.0	19.0	20.0	21.0	22.0	23.0	24.0	25.0	26.0	27.0	28.0	29.0	30.0	31.0	32.0	33.0	34.0	35.0	36.0	37.0	38.0	39.0	40.0	41.0	42.0	43.0	44.0
MCW_CT_ROA_117_R1	1.0	14.0	31.0	55.0	121.0	231.0	551.0	1029.0	2071.0	3548.0	6005.0	9431.0	14156.0	20358.0	27855.0	37418.0	48928.0	62715.0	78530.0	97240.0	119064.0	144608.0	173183.0	207436.0	247170.0	296846.0	356473.0	432361.0	532556.0	671924.0	886765.0	1275296.0	2072021.0	1036305.0
	2.0	3.0	4.0	5.0	6.0	7.0	8.0	9.0	10.0	11.0	12.0	13.0	14.0	15.0	16.0	17.0	18.0	19.0	20.0	21.0	22.0	23.0	24.0	25.0	26.0	27.0	28.0	29.0	30.0	31.0	32.0	33.0	34.0	35.0	36.0	37.0	38.0	39.0	40.0	41.0	42.0	43.0	44.0
MCW_CT_ROA_117_R2	5.0	65.0	287.0	485.0	606.0	795.0	1134.0	1531.0	2040.0	2742.0	3557.0	4533.0	5783.0	7446.0	8992.0	10893.0	12901.0	14788.0	16627.0	18814.0	21970.0	25090.0	29680.0	35862.0	43408.0	52977.0	64693.0	78746.0	96170.0	116498.0	139667.0	168117.0	201578.0	241794.0	292064.0	352735.0	433371.0	544459.0	715085.0	1027937.0	1911351.0	2154152.0	868.0
	11.0	12.0	13.0	14.0	15.0	16.0	17.0	18.0	19.0	20.0	21.0	22.0	23.0	24.0	25.0	26.0	27.0	28.0	29.0	30.0	31.0	32.0	33.0	34.0	35.0	36.0	37.0	38.0	39.0	40.0	41.0	42.0	43.0	44.0
MCW_CT_ROA_119_R1	3.0	12.0	24.0	66.0	127.0	291.0	579.0	1127.0	2095.0	3765.0	6181.0	9949.0	14552.0	20970.0	28464.0	38674.0	50580.0	65165.0	82426.0	102445.0	127031.0	154473.0	185907.0	224028.0	267408.0	323280.0	392826.0	484276.0	610037.0	788326.0	1078206.0	1622485.0	2661784.0	1336756.0
	2.0	3.0	4.0	5.0	6.0	7.0	8.0	9.0	10.0	11.0	12.0	13.0	14.0	15.0	16.0	17.0	18.0	19.0	20.0	21.0	22.0	23.0	24.0	25.0	26.0	27.0	28.0	29.0	30.0	31.0	32.0	33.0	34.0	35.0	36.0	37.0	38.0	39.0	40.0	41.0	42.0	43.0	44.0
MCW_CT_ROA_119_R2	3.0	72.0	285.0	448.0	583.0	780.0	1108.0	1562.0	1969.0	2690.0	3738.0	4989.0	6637.0	8565.0	10980.0	13655.0	16394.0	19182.0	21907.0	24795.0	27780.0	31501.0	35913.0	41898.0	49068.0	59046.0	70406.0	84377.0	101937.0	124115.0	149438.0	180099.0	217540.0	261872.0	317995.0	391066.0	484400.0	619909.0	832290.0	1229461.0	2389331.0	2843367.0	1167.0
	10.0	11.0	12.0	13.0	14.0	15.0	16.0	17.0	18.0	19.0	20.0	21.0	22.0	23.0	24.0	25.0	26.0	27.0	28.0	29.0	30.0	31.0	32.0	33.0	34.0	35.0	36.0	37.0	38.0	39.0	40.0	41.0	42.0	43.0	44.0
MCW_CT_ROA_121_R1	1.0	2.0	3.0	17.0	39.0	73.0	174.0	339.0	649.0	1181.0	2032.0	3359.0	5097.0	7550.0	10589.0	14677.0	19850.0	26160.0	34627.0	45312.0	59032.0	75908.0	98006.0	127203.0	164504.0	214286.0	281687.0	373495.0	504439.0	694776.0	987692.0	1485889.0	2510797.0	4795663.0	2311379.0
	3.0	4.0	5.0	6.0	7.0	8.0	9.0	10.0	11.0	12.0	13.0	14.0	15.0	16.0	17.0	18.0	19.0	20.0	21.0	22.0	23.0	24.0	25.0	26.0	27.0	28.0	29.0	30.0	31.0	32.0	33.0	34.0	35.0	36.0	37.0	38.0	39.0	40.0	41.0	42.0	43.0	44.0
MCW_CT_ROA_121_R2	43.0	170.0	352.0	459.0	661.0	999.0	1339.0	1825.0	2509.0	3291.0	4466.0	5867.0	7564.0	9854.0	11834.0	14061.0	16878.0	19780.0	22843.0	26446.0	30311.0	35655.0	41985.0	49552.0	59733.0	71319.0	86780.0	105396.0	127687.0	154756.0	189594.0	231297.0	283798.0	351646.0	439442.0	564092.0	740805.0	1033697.0	1612795.0	3479020.0	5014295.0	1591.0
	11.0	12.0	13.0	14.0	15.0	16.0	17.0	18.0	19.0	20.0	21.0	22.0	23.0	24.0	25.0	26.0	27.0	28.0	29.0	30.0	31.0	32.0	33.0	34.0	35.0	36.0	37.0	38.0	39.0	40.0	41.0	42.0	43.0	44.0
MCW_CT_ROA_124_R1	2.0	3.0	9.0	23.0	51.0	88.0	193.0	407.0	749.0	1484.0	2437.0	4092.0	6124.0	8969.0	12604.0	16802.0	21806.0	27861.0	34981.0	42873.0	51857.0	62863.0	74279.0	89035.0	105823.0	126891.0	154345.0	192297.0	245697.0	324232.0	456382.0	703236.0	1306238.0	1788359.0
	2.0	3.0	4.0	5.0	6.0	7.0	8.0	9.0	10.0	11.0	12.0	13.0	14.0	15.0	16.0	17.0	18.0	19.0	20.0	21.0	22.0	23.0	24.0	25.0	26.0	27.0	28.0	29.0	30.0	31.0	32.0	33.0	34.0	35.0	36.0	37.0	38.0	39.0	40.0	41.0	42.0	43.0	44.0
MCW_CT_ROA_124_R2	2.0	64.0	237.0	330.0	459.0	603.0	752.0	1013.0	1304.0	1564.0	2022.0	2605.0	3490.0	4335.0	5357.0	6640.0	7957.0	9297.0	10603.0	12247.0	13950.0	16419.0	19184.0	22934.0	27240.0	33578.0	40011.0	48266.0	58073.0	69457.0	83455.0	99723.0	118811.0	141554.0	169944.0	205920.0	254765.0	322554.0	433102.0	644308.0	1285661.0	1680770.0	2532.0
	10.0	11.0	12.0	13.0	14.0	15.0	16.0	17.0	18.0	19.0	20.0	21.0	22.0	23.0	24.0	25.0	26.0	27.0	28.0	29.0	30.0	31.0	32.0	33.0	34.0	35.0	36.0	37.0	38.0	39.0	40.0	41.0	42.0	43.0	44.0
MCW_CT_ROA_125_R1	1.0	0.0	7.0	15.0	52.0	88.0	187.0	360.0	643.0	1104.0	1905.0	3239.0	4787.0	7314.0	10468.0	14675.0	20068.0	27046.0	35701.0	46308.0	58678.0	75184.0	93921.0	117593.0	145251.0	179959.0	224310.0	282433.0	362621.0	473098.0	645604.0	934330.0	1509909.0	3207063.0	5125413.0
	2.0	3.0	4.0	5.0	6.0	7.0	8.0	9.0	10.0	11.0	12.0	13.0	14.0	15.0	16.0	17.0	18.0	19.0	20.0	21.0	22.0	23.0	24.0	25.0	26.0	27.0	28.0	29.0	30.0	31.0	32.0	33.0	34.0	35.0	36.0	37.0	38.0	39.0	40.0	41.0	42.0	43.0	44.0
MCW_CT_ROA_125_R2	2.0	112.0	409.0	712.0	943.0	1196.0	1688.0	2020.0	2698.0	3415.0	4489.0	5917.0	7933.0	9871.0	12823.0	15515.0	19104.0	22045.0	25677.0	28773.0	32701.0	37227.0	42681.0	49973.0	58991.0	70145.0	84160.0	100918.0	120635.0	144113.0	172383.0	205253.0	245595.0	294464.0	355602.0	433513.0	539786.0	691345.0	935259.0	1409910.0	2923114.0	4491046.0	5179.0
	11.0	12.0	13.0	14.0	15.0	16.0	17.0	18.0	19.0	20.0	21.0	22.0	23.0	24.0	25.0	26.0	27.0	28.0	29.0	30.0	31.0	32.0	33.0	34.0	35.0	36.0	37.0	38.0	39.0	40.0	41.0	42.0	43.0	44.0
MCW_CT_ROA_127_R1	2.0	7.0	18.0	40.0	85.0	152.0	286.0	578.0	1097.0	2104.0	3835.0	6173.0	9435.0	13857.0	19302.0	26367.0	34389.0	44313.0	55681.0	69323.0	84143.0	101957.0	122984.0	148749.0	177801.0	214725.0	260109.0	320713.0	402887.0	519771.0	709019.0	1059805.0	1941623.0	2718543.0
	2.0	3.0	4.0	5.0	6.0	7.0	8.0	9.0	10.0	11.0	12.0	13.0	14.0	15.0	16.0	17.0	18.0	19.0	20.0	21.0	22.0	23.0	24.0	25.0	26.0	27.0	28.0	29.0	30.0	31.0	32.0	33.0	34.0	35.0	36.0	37.0	38.0	39.0	40.0	41.0	42.0	43.0	44.0
MCW_CT_ROA_127_R2	3.0	97.0	407.0	713.0	877.0	1162.0	1540.0	1932.0	2613.0	3475.0	4376.0	5613.0	7649.0	9633.0	12389.0	15149.0	17955.0	20945.0	23856.0	27285.0	30854.0	35913.0	42275.0	50227.0	60718.0	72866.0	88346.0	106156.0	125265.0	150262.0	177317.0	208767.0	244099.0	287084.0	336045.0	397490.0	475812.0	582780.0	743454.0	1032384.0	1833823.0	1828134.0	2133.0
	11.0	12.0	13.0	14.0	15.0	16.0	17.0	18.0	19.0	20.0	21.0	22.0	23.0	24.0	25.0	26.0	27.0	28.0	29.0	30.0	31.0	32.0	33.0	34.0	35.0	36.0	37.0	38.0	39.0	40.0	41.0	42.0	43.0	44.0
MCW_CT_ROA_130_R1	1.0	4.0	14.0	28.0	49.0	124.0	218.0	377.0	741.0	1318.0	2107.0	3359.0	5156.0	7492.0	10759.0	14699.0	20246.0	27130.0	35040.0	44876.0	57587.0	73954.0	93214.0	118478.0	150018.0	190145.0	244361.0	316842.0	418201.0	565544.0	803979.0	1247023.0	2358008.0	3225679.0
	2.0	3.0	4.0	5.0	6.0	7.0	8.0	9.0	10.0	11.0	12.0	13.0	14.0	15.0	16.0	17.0	18.0	19.0	20.0	21.0	22.0	23.0	24.0	25.0	26.0	27.0	28.0	29.0	30.0	31.0	32.0	33.0	34.0	35.0	36.0	37.0	38.0	39.0	40.0	41.0	42.0	43.0	44.0
MCW_CT_ROA_130_R2	2.0	55.0	284.0	467.0	628.0	783.0	1027.0	1241.0	1611.0	2039.0	2561.0	3351.0	4461.0	5466.0	6845.0	8697.0	10350.0	12127.0	13768.0	15984.0	18678.0	21675.0	25459.0	30975.0	37192.0	45589.0	56254.0	68324.0	83647.0	101446.0	124354.0	150663.0	182957.0	222369.0	272877.0	338723.0	427720.0	555533.0	758116.0	1151852.0	2331105.0	2935179.0	4337.0
	11.0	12.0	13.0	14.0	15.0	16.0	17.0	18.0	19.0	20.0	21.0	22.0	23.0	24.0	25.0	26.0	27.0	28.0	29.0	30.0	31.0	32.0	33.0	34.0	35.0	36.0	37.0	38.0	39.0	40.0	41.0	42.0	43.0	44.0
MCW_CT_ROA_138_R1	2.0	5.0	18.0	26.0	56.0	147.0	305.0	654.0	1225.0	2358.0	4153.0	6670.0	10172.0	14557.0	20485.0	27765.0	36669.0	47108.0	59470.0	74564.0	90686.0	109870.0	132546.0	159512.0	193682.0	234530.0	287833.0	360183.0	458631.0	603108.0	837832.0	1269434.0	2309932.0	3092190.0
	2.0	3.0	4.0	5.0	6.0	7.0	8.0	9.0	10.0	11.0	12.0	13.0	14.0	15.0	16.0	17.0	18.0	19.0	20.0	21.0	22.0	23.0	24.0	25.0	26.0	27.0	28.0	29.0	30.0	31.0	32.0	33.0	34.0	35.0	36.0	37.0	38.0	39.0	40.0	41.0	42.0	43.0	44.0
MCW_CT_ROA_138_R2	1.0	42.0	202.0	332.0	416.0	512.0	680.0	829.0	1125.0	1358.0	1788.0	2499.0	3192.0	4184.0	5615.0	6889.0	8734.0	10325.0	12576.0	14968.0	17458.0	20457.0	24951.0	30509.0	38218.0	47807.0	59551.0	74032.0	92029.0	113252.0	139896.0	170339.0	207707.0	254727.0	310965.0	383443.0	480481.0	617152.0	834562.0	1239499.0	2418125.0	2790969.0	3982.0
	11.0	12.0	13.0	14.0	15.0	16.0	17.0	18.0	19.0	20.0	21.0	22.0	23.0	24.0	25.0	26.0	27.0	28.0	29.0	30.0	31.0	32.0	33.0	34.0	35.0	36.0	37.0	38.0	39.0	40.0	41.0	42.0	43.0	44.0
MCW_CT_ROA_139_R1	3.0	13.0	37.0	60.0	114.0	252.0	390.0	776.0	1378.0	2476.0	4137.0	6632.0	9845.0	14622.0	21010.0	28311.0	37904.0	49397.0	62929.0	79082.0	97725.0	117741.0	141081.0	167891.0	199018.0	235766.0	281315.0	339532.0	421729.0	549939.0	761223.0	1176380.0	2336477.0	3617400.0
	2.0	3.0	4.0	5.0	6.0	7.0	8.0	9.0	10.0	11.0	12.0	13.0	14.0	15.0	16.0	17.0	18.0	19.0	20.0	21.0	22.0	23.0	24.0	25.0	26.0	27.0	28.0	29.0	30.0	31.0	32.0	33.0	34.0	35.0	36.0	37.0	38.0	39.0	40.0	41.0	42.0	43.0	44.0
MCW_CT_ROA_139_R2	3.0	62.0	395.0	612.0	800.0	1050.0	1417.0	1726.0	2169.0	2725.0	3624.0	4653.0	5995.0	7558.0	9659.0	11951.0	14423.0	17431.0	20926.0	25021.0	29168.0	35103.0	42841.0	52483.0	65153.0	80819.0	99962.0	122515.0	150170.0	181849.0	216537.0	257695.0	305812.0	360606.0	425852.0	505120.0	605765.0	740788.0	940032.0	1291507.0	2198564.0	1919655.0	2389.0
	11.0	12.0	13.0	14.0	15.0	16.0	17.0	18.0	19.0	20.0	21.0	22.0	23.0	24.0	25.0	26.0	27.0	28.0	29.0	30.0	31.0	32.0	33.0	34.0	35.0	36.0	37.0	38.0	39.0	40.0	41.0	42.0	43.0	44.0
MCW_CT_ROA_140_R1	2.0	8.0	9.0	28.0	53.0	124.0	197.0	400.0	709.0	1225.0	2097.0	3357.0	5233.0	7721.0	11064.0	15297.0	20753.0	26926.0	35137.0	45102.0	56727.0	71703.0	88517.0	110488.0	136297.0	170480.0	214163.0	271864.0	354283.0	472270.0	662739.0	1023323.0	1971188.0	2941441.0
	2.0	3.0	4.0	5.0	6.0	7.0	8.0	9.0	10.0	11.0	12.0	13.0	14.0	15.0	16.0	17.0	18.0	19.0	20.0	21.0	22.0	23.0	24.0	25.0	26.0	27.0	28.0	29.0	30.0	31.0	32.0	33.0	34.0	35.0	36.0	37.0	38.0	39.0	40.0	41.0	42.0	43.0	44.0
MCW_CT_ROA_140_R2	4.0	95.0	376.0	598.0	800.0	1001.0	1268.0	1696.0	2122.0	2786.0	3651.0	4788.0	6125.0	7758.0	9897.0	11990.0	14338.0	17197.0	19820.0	22742.0	26540.0	31013.0	37475.0	44831.0	55364.0	67595.0	82917.0	101045.0	121286.0	145877.0	175181.0	208150.0	244579.0	288481.0	339711.0	403303.0	484391.0	593562.0	754323.0	1036661.0	1777410.0	1570242.0	1936.0
	11.0	12.0	13.0	14.0	15.0	16.0	17.0	18.0	19.0	20.0	21.0	22.0	23.0	24.0	25.0	26.0	27.0	28.0	29.0	30.0	31.0	32.0	33.0	34.0	35.0	36.0	37.0	38.0	39.0	40.0	41.0	42.0	43.0	44.0
MCW_CT_ROA_141_R1	1.0	2.0	6.0	7.0	19.0	57.0	108.0	231.0	345.0	627.0	1138.0	1704.0	2794.0	4152.0	6084.0	8875.0	12285.0	16845.0	22951.0	30867.0	41764.0	54914.0	73252.0	96642.0	128060.0	169805.0	226024.0	305216.0	417618.0	586915.0	870123.0	1420282.0	2989797.0	4704840.0
	2.0	3.0	4.0	5.0	6.0	7.0	8.0	9.0	10.0	11.0	12.0	13.0	14.0	15.0	16.0	17.0	18.0	19.0	20.0	21.0	22.0	23.0	24.0	25.0	26.0	27.0	28.0	29.0	30.0	31.0	32.0	33.0	34.0	35.0	36.0	37.0	38.0	39.0	40.0	41.0	42.0	43.0	44.0
MCW_CT_ROA_141_R2	1.0	22.0	141.0	255.0	294.0	419.0	504.0	713.0	906.0	1193.0	1594.0	2043.0	2982.0	3764.0	4863.0	6197.0	7657.0	9417.0	11501.0	13727.0	16886.0	20717.0	25834.0	33103.0	42674.0	54404.0	69057.0	88180.0	111006.0	137545.0	169755.0	208411.0	253711.0	309382.0	377521.0	462538.0	577329.0	736962.0	983944.0	1445836.0	2772915.0	3224672.0	3775.0
	10.0	11.0	12.0	13.0	14.0	15.0	16.0	17.0	18.0	19.0	20.0	21.0	22.0	23.0	24.0	25.0	26.0	27.0	28.0	29.0	30.0	31.0	32.0	33.0	34.0	35.0	36.0	37.0	38.0	39.0	40.0	41.0	42.0	43.0	44.0
MCW_CT_ROA_142_R1	1.0	1.0	3.0	8.0	20.0	44.0	67.0	139.0	293.0	502.0	883.0	1512.0	2355.0	3895.0	5526.0	8117.0	11489.0	15742.0	20658.0	27580.0	35860.0	45845.0	59009.0	75377.0	95453.0	121824.0	155092.0	197630.0	252489.0	330209.0	441014.0	612564.0	920585.0	1659754.0	2282353.0
	2.0	3.0	4.0	5.0	6.0	7.0	8.0	9.0	10.0	11.0	12.0	13.0	14.0	15.0	16.0	17.0	18.0	19.0	20.0	21.0	22.0	23.0	24.0	25.0	26.0	27.0	28.0	29.0	30.0	31.0	32.0	33.0	34.0	35.0	36.0	37.0	38.0	39.0	40.0	41.0	42.0	43.0	44.0
MCW_CT_ROA_142_R2	6.0	85.0	286.0	481.0	559.0	694.0	883.0	1193.0	1485.0	1942.0	2540.0	3394.0	4286.0	5475.0	6828.0	8421.0	9865.0	11413.0	13444.0	15122.0	17379.0	20431.0	24362.0	29349.0	34933.0	42532.0	51661.0	62485.0	75466.0	90350.0	108047.0	127983.0	151822.0	180778.0	216684.0	262287.0	323896.0	409183.0	546957.0	807578.0	1595107.0	2113301.0	2920.0
	9.0	10.0	11.0	12.0	13.0	14.0	15.0	16.0	17.0	18.0	19.0	20.0	21.0	22.0	23.0	24.0	25.0	26.0	27.0	28.0	29.0	30.0	31.0	32.0	33.0	34.0	35.0	36.0	37.0	38.0	39.0	40.0	41.0	42.0	43.0	44.0
MCW_CT_ROA_145_R1	1.0	1.0	3.0	6.0	19.0	39.0	97.0	192.0	425.0	823.0	1521.0	2786.0	4801.0	7750.0	12005.0	17618.0	24836.0	33779.0	44226.0	57066.0	71700.0	89231.0	108486.0	131495.0	156179.0	184677.0	218389.0	259444.0	309245.0	372093.0	461632.0	587195.0	788456.0	1173102.0	2164225.0	3098855.0
	2.0	3.0	4.0	5.0	6.0	7.0	8.0	9.0	10.0	11.0	12.0	13.0	14.0	15.0	16.0	17.0	18.0	19.0	20.0	21.0	22.0	23.0	24.0	25.0	26.0	27.0	28.0	29.0	30.0	31.0	32.0	33.0	34.0	35.0	36.0	37.0	38.0	39.0	40.0	41.0	42.0	43.0	44.0
MCW_CT_ROA_145_R2	2.0	71.0	343.0	541.0	725.0	855.0	1130.0	1434.0	1767.0	2160.0	2851.0	3702.0	4760.0	5963.0	7450.0	9010.0	11034.0	13149.0	15279.0	17768.0	20799.0	24669.0	29701.0	36306.0	44385.0	55210.0	67248.0	83017.0	101501.0	123758.0	149829.0	181382.0	218139.0	262900.0	315910.0	385730.0	474241.0	601366.0	799067.0	1167513.0	2274840.0	2861006.0	3887.0
	10.0	11.0	12.0	13.0	14.0	15.0	16.0	17.0	18.0	19.0	20.0	21.0	22.0	23.0	24.0	25.0	26.0	27.0	28.0	29.0	30.0	31.0	32.0	33.0	34.0	35.0	36.0	37.0	38.0	39.0	40.0	41.0	42.0	43.0	44.0
MCW_CT_ROA_146_R1	1.0	3.0	14.0	29.0	79.0	136.0	268.0	475.0	863.0	1637.0	2798.0	4442.0	7017.0	10804.0	15673.0	22014.0	30252.0	40723.0	54261.0	69412.0	88054.0	109438.0	134578.0	163231.0	195501.0	233021.0	276669.0	332304.0	403139.0	500378.0	647537.0	888149.0	1370639.0	2713041.0	4135060.0
	2.0	3.0	4.0	5.0	6.0	7.0	8.0	9.0	10.0	11.0	12.0	13.0	14.0	15.0	16.0	17.0	18.0	19.0	20.0	21.0	22.0	23.0	24.0	25.0	26.0	27.0	28.0	29.0	30.0	31.0	32.0	33.0	34.0	35.0	36.0	37.0	38.0	39.0	40.0	41.0	42.0	43.0	44.0
MCW_CT_ROA_146_R2	4.0	93.0	454.0	727.0	958.0	1224.0	1580.0	1973.0	2501.0	3169.0	4008.0	5088.0	6545.0	8472.0	10725.0	13402.0	16264.0	19626.0	23345.0	27429.0	32398.0	38098.0	45920.0	56220.0	69216.0	85685.0	105128.0	129927.0	158320.0	192311.0	230723.0	276939.0	328314.0	390210.0	463684.0	553912.0	668822.0	823107.0	1057361.0	1471409.0	2589157.0	2534000.0	3192.0
	10.0	11.0	12.0	13.0	14.0	15.0	16.0	17.0	18.0	19.0	20.0	21.0	22.0	23.0	24.0	25.0	26.0	27.0	28.0	29.0	30.0	31.0	32.0	33.0	34.0	35.0	36.0	37.0	38.0	39.0	40.0	41.0	42.0	43.0	44.0
MCW_CT_ROA_147_R1	1.0	3.0	4.0	10.0	22.0	36.0	87.0	169.0	335.0	679.0	1356.0	2281.0	3958.0	6271.0	9710.0	13659.0	19383.0	26307.0	34838.0	45264.0	57568.0	72160.0	89828.0	110258.0	134168.0	162192.0	196182.0	238695.0	292560.0	361769.0	458125.0	604953.0	869649.0	1543877.0	2271451.0
	2.0	3.0	4.0	5.0	6.0	7.0	8.0	9.0	10.0	11.0	12.0	13.0	14.0	15.0	16.0	17.0	18.0	19.0	20.0	21.0	22.0	23.0	24.0	25.0	26.0	27.0	28.0	29.0	30.0	31.0	32.0	33.0	34.0	35.0	36.0	37.0	38.0	39.0	40.0	41.0	42.0	43.0	44.0
MCW_CT_ROA_147_R2	4.0	86.0	288.0	491.0	586.0	763.0	1025.0	1290.0	1646.0	2291.0	2769.0	3650.0	4891.0	6171.0	7724.0	9593.0	11386.0	13448.0	16031.0	19535.0	23288.0	27849.0	34981.0	43395.0	54672.0	68164.0	85105.0	104738.0	126436.0	151285.0	180730.0	211770.0	248555.0	287449.0	335457.0	389365.0	457140.0	546718.0	671761.0	886362.0	1426203.0	1161161.0	1556.0
	10.0	11.0	12.0	13.0	14.0	15.0	16.0	17.0	18.0	19.0	20.0	21.0	22.0	23.0	24.0	25.0	26.0	27.0	28.0	29.0	30.0	31.0	32.0	33.0	34.0	35.0	36.0	37.0	38.0	39.0	40.0	41.0	42.0	43.0	44.0
MCW_CT_ROA_148_R1	1.0	2.0	5.0	13.0	28.0	42.0	95.0	226.0	475.0	933.0	1796.0	3207.0	5326.0	8274.0	11959.0	16800.0	22884.0	30365.0	39176.0	48850.0	60178.0	73761.0	89148.0	107106.0	128186.0	154698.0	186901.0	227436.0	282222.0	355636.0	464024.0	635675.0	958916.0	1772704.0	2555448.0
	2.0	3.0	4.0	5.0	6.0	7.0	8.0	9.0	10.0	11.0	12.0	13.0	14.0	15.0	16.0	17.0	18.0	19.0	20.0	21.0	22.0	23.0	24.0	25.0	26.0	27.0	28.0	29.0	30.0	31.0	32.0	33.0	34.0	35.0	36.0	37.0	38.0	39.0	40.0	41.0	42.0	43.0	44.0
MCW_CT_ROA_148_R2	3.0	63.0	315.0	403.0	561.0	680.0	938.0	1138.0	1505.0	1960.0	2471.0	3209.0	4210.0	5395.0	6633.0	8342.0	9709.0	11514.0	13145.0	15707.0	18114.0	21999.0	26563.0	32663.0	40118.0	49636.0	61261.0	74598.0	91683.0	111010.0	133100.0	160360.0	191549.0	227816.0	272048.0	326674.0	400517.0	501080.0	656737.0	943277.0	1771690.0	2039388.0	2714.0
	11.0	12.0	13.0	14.0	15.0	16.0	17.0	18.0	19.0	20.0	21.0	22.0	23.0	24.0	25.0	26.0	27.0	28.0	29.0	30.0	31.0	32.0	33.0	34.0	35.0	36.0	37.0	38.0	39.0	40.0	41.0	42.0	43.0	44.0
MCW_CT_ROA_149_R1	6.0	13.0	27.0	69.0	150.0	278.0	512.0	974.0	1717.0	2841.0	4897.0	7443.0	11179.0	15769.0	21440.0	29263.0	39137.0	50575.0	64614.0	80704.0	100541.0	123483.0	151551.0	185141.0	228179.0	283501.0	355705.0	456184.0	599053.0	821707.0	1201446.0	1978129.0	4106318.0	5777383.0
	2.0	3.0	4.0	5.0	6.0	7.0	8.0	9.0	10.0	11.0	12.0	13.0	14.0	15.0	16.0	17.0	18.0	19.0	20.0	21.0	22.0	23.0	24.0	25.0	26.0	27.0	28.0	29.0	30.0	31.0	32.0	33.0	34.0	35.0	36.0	37.0	38.0	39.0	40.0	41.0	42.0	43.0	44.0
MCW_CT_ROA_149_R2	3.0	69.0	458.0	859.0	1156.0	1569.0	1889.0	2412.0	3160.0	3861.0	5026.0	6709.0	8601.0	11015.0	14007.0	17475.0	21099.0	24646.0	28423.0	32840.0	36684.0	41141.0	46731.0	54070.0	62764.0	73963.0	87071.0	102500.0	122848.0	146974.0	175325.0	211108.0	253503.0	307187.0	374296.0	465610.0	588273.0	769619.0	1071172.0	1670183.0	3695799.0	6149656.0	8175.0
	10.0	11.0	12.0	13.0	14.0	15.0	16.0	17.0	18.0	19.0	20.0	21.0	22.0	23.0	24.0	25.0	26.0	27.0	28.0	29.0	30.0	31.0	32.0	33.0	34.0	35.0	36.0	37.0	38.0	39.0	40.0	41.0	42.0	43.0	44.0
MCW_CT_ROA_156_R1	2.0	6.0	13.0	45.0	79.0	152.0	308.0	607.0	1161.0	2063.0	3603.0	6033.0	9849.0	14711.0	21347.0	29833.0	41118.0	55009.0	72233.0	92022.0	116528.0	144958.0	176050.0	212023.0	250846.0	294289.0	342834.0	400127.0	468360.0	557190.0	683150.0	884813.0	1272293.0	2345964.0	3451576.0
	2.0	3.0	4.0	5.0	6.0	7.0	8.0	9.0	10.0	11.0	12.0	13.0	14.0	15.0	16.0	17.0	18.0	19.0	20.0	21.0	22.0	23.0	24.0	25.0	26.0	27.0	28.0	29.0	30.0	31.0	32.0	33.0	34.0	35.0	36.0	37.0	38.0	39.0	40.0	41.0	42.0	43.0	44.0
MCW_CT_ROA_156_R2	1.0	66.0	356.0	590.0	788.0	962.0	1272.0	1484.0	2005.0	2426.0	3128.0	4168.0	5223.0	6833.0	8581.0	10758.0	13064.0	15805.0	18721.0	21993.0	25711.0	30277.0	36088.0	43401.0	53502.0	65577.0	81127.0	100321.0	123130.0	151049.0	183708.0	222587.0	268455.0	324183.0	392075.0	476434.0	585945.0	737237.0	967925.0	1383664.0	2570421.0	3005541.0	4613.0
	9.0	10.0	11.0	12.0	13.0	14.0	15.0	16.0	17.0	18.0	19.0	20.0	21.0	22.0	23.0	24.0	25.0	26.0	27.0	28.0	29.0	30.0	31.0	32.0	33.0	34.0	35.0	36.0	37.0	38.0	39.0	40.0	41.0	42.0	43.0	44.0
MCW_CT_ROA_157_R1	1.0	0.0	0.0	11.0	22.0	52.0	106.0	222.0	512.0	983.0	1859.0	3147.0	5212.0	8252.0	12361.0	17903.0	24932.0	33902.0	44753.0	58624.0	75306.0	95352.0	120408.0	149351.0	182468.0	223861.0	270503.0	331252.0	405499.0	501310.0	635311.0	824225.0	1134685.0	1723838.0	3147791.0	3952220.0
	2.0	3.0	4.0	5.0	6.0	7.0	8.0	9.0	10.0	11.0	12.0	13.0	14.0	15.0	16.0	17.0	18.0	19.0	20.0	21.0	22.0	23.0	24.0	25.0	26.0	27.0	28.0	29.0	30.0	31.0	32.0	33.0	34.0	35.0	36.0	37.0	38.0	39.0	40.0	41.0	42.0	43.0	44.0
MCW_CT_ROA_157_R2	1.0	40.0	323.0	568.0	726.0	915.0	1160.0	1459.0	1879.0	2513.0	3217.0	4399.0	5905.0	7888.0	10635.0	13748.0	16493.0	20746.0	23997.0	27549.0	31010.0	34950.0	39781.0	46109.0	53622.0	63255.0	75504.0	90423.0	108952.0	132339.0	158780.0	192630.0	233045.0	283244.0	346163.0	428603.0	541308.0	698794.0	957841.0	1462014.0	3078605.0	4778241.0	6860.0
	10.0	11.0	12.0	13.0	14.0	15.0	16.0	17.0	18.0	19.0	20.0	21.0	22.0	23.0	24.0	25.0	26.0	27.0	28.0	29.0	30.0	31.0	32.0	33.0	34.0	35.0	36.0	37.0	38.0	39.0	40.0	41.0	42.0	43.0	44.0
MCW_CT_ROA_158_R1	1.0	2.0	9.0	18.0	29.0	58.0	157.0	305.0	679.0	1433.0	2581.0	4545.0	7376.0	11401.0	16437.0	23044.0	31019.0	40144.0	50664.0	64056.0	77573.0	93078.0	111233.0	132099.0	154828.0	183239.0	216542.0	258153.0	312581.0	384892.0	492542.0	663847.0	982932.0	1777403.0	2521325.0
	2.0	3.0	4.0	5.0	6.0	7.0	8.0	9.0	10.0	11.0	12.0	13.0	14.0	15.0	16.0	17.0	18.0	19.0	20.0	21.0	22.0	23.0	24.0	25.0	26.0	27.0	28.0	29.0	30.0	31.0	32.0	33.0	34.0	35.0	36.0	37.0	38.0	39.0	40.0	41.0	42.0	43.0	44.0
MCW_CT_ROA_158_R2	6.0	85.0	353.0	505.0	605.0	746.0	906.0	1273.0	1590.0	1971.0	2484.0	3276.0	4115.0	5261.0	6672.0	8252.0	10278.0	11987.0	14078.0	16255.0	19055.0	22609.0	27414.0	33303.0	41263.0	51063.0	62332.0	77231.0	94673.0	114318.0	138134.0	166512.0	197902.0	237406.0	282888.0	342410.0	416845.0	522635.0	686108.0	990446.0	1869203.0	2128421.0	3356.0
	10.0	11.0	12.0	13.0	14.0	15.0	16.0	17.0	18.0	19.0	20.0	21.0	22.0	23.0	24.0	25.0	26.0	27.0	28.0	29.0	30.0	31.0	32.0	33.0	34.0	35.0	36.0	37.0	38.0	39.0	40.0	41.0	42.0	43.0	44.0
MCW_CT_ROA_159_R1	1.0	2.0	6.0	17.0	30.0	61.0	84.0	190.0	408.0	835.0	1496.0	2711.0	4521.0	6995.0	10398.0	14402.0	19619.0	26150.0	33819.0	42253.0	52686.0	64623.0	78743.0	94384.0	113212.0	136023.0	162617.0	197961.0	246510.0	313914.0	415502.0	584571.0	924533.0	1831285.0	2754378.0
	2.0	3.0	4.0	5.0	6.0	7.0	8.0	9.0	10.0	11.0	12.0	13.0	14.0	15.0	16.0	17.0	18.0	19.0	20.0	21.0	22.0	23.0	24.0	25.0	26.0	27.0	28.0	29.0	30.0	31.0	32.0	33.0	34.0	35.0	36.0	37.0	38.0	39.0	40.0	41.0	42.0	43.0	44.0
MCW_CT_ROA_159_R2	1.0	37.0	187.0	282.0	323.0	443.0	588.0	736.0	946.0	1332.0	1659.0	2070.0	2863.0	3703.0	4646.0	5813.0	6940.0	8276.0	9811.0	11487.0	13868.0	16322.0	19729.0	24823.0	30588.0	38793.0	47969.0	60129.0	74527.0	91162.0	110797.0	135867.0	164344.0	198645.0	242024.0	299376.0	372041.0	474472.0	637955.0	943619.0	1838102.0	2234419.0	3226.0
	10.0	11.0	12.0	13.0	14.0	15.0	16.0	17.0	18.0	19.0	20.0	21.0	22.0	23.0	24.0	25.0	26.0	27.0	28.0	29.0	30.0	31.0	32.0	33.0	34.0	35.0	36.0	37.0	38.0	39.0	40.0	41.0	42.0	43.0	44.0
MCW_CT_ROA_163_R1	2.0	0.0	7.0	14.0	29.0	72.0	156.0	233.0	465.0	813.0	1493.0	2493.0	4129.0	6061.0	8937.0	12351.0	16919.0	22179.0	28664.0	35768.0	45250.0	55938.0	68372.0	82729.0	100071.0	120321.0	145712.0	177495.0	219861.0	279021.0	368477.0	513680.0	793497.0	1520518.0	2325376.0
	2.0	3.0	4.0	5.0	6.0	7.0	8.0	9.0	10.0	11.0	12.0	13.0	14.0	15.0	16.0	17.0	18.0	19.0	20.0	21.0	22.0	23.0	24.0	25.0	26.0	27.0	28.0	29.0	30.0	31.0	32.0	33.0	34.0	35.0	36.0	37.0	38.0	39.0	40.0	41.0	42.0	43.0	44.0
MCW_CT_ROA_163_R2	2.0	67.0	224.0	376.0	452.0	565.0	795.0	981.0	1273.0	1617.0	2270.0	2923.0	3918.0	5277.0	6761.0	8477.0	10658.0	12748.0	15061.0	17460.0	20319.0	23767.0	27861.0	33193.0	40228.0	49223.0	59986.0	72833.0	88933.0	106722.0	127372.0	152628.0	181018.0	215137.0	256409.0	306700.0	372095.0	460583.0	597353.0	837504.0	1476832.0	1356480.0	2022.0
	10.0	11.0	12.0	13.0	14.0	15.0	16.0	17.0	18.0	19.0	20.0	21.0	22.0	23.0	24.0	25.0	26.0	27.0	28.0	29.0	30.0	31.0	32.0	33.0	34.0	35.0	36.0	37.0	38.0	39.0	40.0	41.0	42.0	43.0	44.0
MCW_CT_ROA_167_R1	1.0	1.0	9.0	20.0	60.0	92.0	201.0	413.0	807.0	1604.0	2846.0	4820.0	7748.0	11482.0	16511.0	23210.0	31549.0	41907.0	53948.0	68208.0	85990.0	107016.0	130081.0	157556.0	189636.0	226137.0	269104.0	323865.0	393142.0	487246.0	625915.0	856226.0	1314272.0	2526923.0	2323751.0
	2.0	3.0	4.0	5.0	6.0	7.0	8.0	9.0	10.0	11.0	12.0	13.0	14.0	15.0	16.0	17.0	18.0	19.0	20.0	21.0	22.0	23.0	24.0	25.0	26.0	27.0	28.0	29.0	30.0	31.0	32.0	33.0	34.0	35.0	36.0	37.0	38.0	39.0	40.0	41.0	42.0	43.0
MCW_CT_ROA_167_R2	1.0	24.0	66.0	139.0	123.0	232.0	269.0	360.0	473.0	665.0	860.0	1183.0	1796.0	2509.0	3426.0	4788.0	6346.0	8302.0	10457.0	13370.0	17096.0	21260.0	27190.0	34694.0	44557.0	56429.0	72848.0	92777.0	115986.0	143912.0	175181.0	213713.0	257797.0	308427.0	370479.0	445430.0	542499.0	673954.0	872538.0	1230721.0	2215946.0	2293474.0
	11.0	12.0	13.0	14.0	15.0	16.0	17.0	18.0	19.0	20.0	21.0	22.0	23.0	24.0	25.0	26.0	27.0	28.0	29.0	30.0	31.0	32.0	33.0	34.0	35.0	36.0	37.0	38.0	39.0	40.0	41.0	42.0	43.0	44.0
MCW_CT_ROA_171_R1	2.0	20.0	32.0	98.0	164.0	324.0	611.0	1112.0	2009.0	3575.0	5840.0	9108.0	13472.0	19866.0	27993.0	37620.0	50182.0	65610.0	83293.0	105016.0	129278.0	159449.0	193268.0	236305.0	286495.0	351616.0	435362.0	546567.0	704352.0	936921.0	1319362.0	2077921.0	3962270.0	3285456.0
	2.0	3.0	4.0	5.0	6.0	7.0	8.0	9.0	10.0	11.0	12.0	13.0	14.0	15.0	16.0	17.0	18.0	19.0	20.0	21.0	22.0	23.0	24.0	25.0	26.0	27.0	28.0	29.0	30.0	31.0	32.0	33.0	34.0	35.0	36.0	37.0	38.0	39.0	40.0	41.0	42.0	43.0
MCW_CT_ROA_171_R2	2.0	54.0	280.0	507.0	732.0	880.0	1169.0	1585.0	2046.0	2761.0	3465.0	4850.0	6258.0	7972.0	10227.0	12532.0	15151.0	17933.0	20447.0	23631.0	27067.0	31181.0	36684.0	43227.0	52005.0	62830.0	76927.0	93450.0	114899.0	139711.0	170752.0	207958.0	254611.0	311950.0	384101.0	477800.0	603917.0	787466.0	1079601.0	1645964.0	3416252.0	4899734.0
	10.0	11.0	12.0	13.0	14.0	15.0	16.0	17.0	18.0	19.0	20.0	21.0	22.0	23.0	24.0	25.0	26.0	27.0	28.0	29.0	30.0	31.0	32.0	33.0	34.0	35.0	36.0	37.0	38.0	39.0	40.0	41.0	42.0	43.0	44.0
MCW_CT_ROA_172_R1	1.0	5.0	8.0	31.0	49.0	140.0	315.0	670.0	1482.0	2828.0	5123.0	8752.0	14036.0	21241.0	30491.0	41798.0	55494.0	71040.0	89382.0	110052.0	132936.0	158293.0	186174.0	215911.0	249000.0	287640.0	331705.0	386117.0	454672.0	547851.0	684372.0	901443.0	1338484.0	2498027.0	2304685.0
	2.0	3.0	4.0	5.0	6.0	7.0	8.0	9.0	10.0	11.0	12.0	13.0	14.0	15.0	16.0	17.0	18.0	19.0	20.0	21.0	22.0	23.0	24.0	25.0	26.0	27.0	28.0	29.0	30.0	31.0	32.0	33.0	34.0	35.0	36.0	37.0	38.0	39.0	40.0	41.0	42.0	43.0
MCW_CT_ROA_172_R2	1.0	23.0	130.0	191.0	244.0	308.0	488.0	603.0	800.0	1102.0	1454.0	1902.0	2527.0	3394.0	4368.0	5637.0	6996.0	8773.0	11073.0	13797.0	17316.0	22088.0	27977.0	35272.0	45266.0	56916.0	72720.0	91909.0	114877.0	141440.0	175087.0	212443.0	257490.0	309958.0	373456.0	452448.0	551788.0	690982.0	899828.0	1276987.0	2370475.0	2869714.0
	10.0	11.0	12.0	13.0	14.0	15.0	16.0	17.0	18.0	19.0	20.0	21.0	22.0	23.0	24.0	25.0	26.0	27.0	28.0	29.0	30.0	31.0	32.0	33.0	34.0	35.0	36.0	37.0	38.0	39.0	40.0	41.0	42.0	43.0	44.0
MCW_CT_ROA_173_R1	2.0	4.0	14.0	38.0	73.0	171.0	329.0	665.0	1274.0	2507.0	4343.0	7182.0	11422.0	16875.0	24787.0	34238.0	46089.0	59961.0	76587.0	95637.0	118206.0	143617.0	172159.0	204886.0	243577.0	288700.0	343927.0	414221.0	505036.0	631331.0	812647.0	1107420.0	1682548.0	3097941.0	2674241.0
	2.0	3.0	4.0	5.0	6.0	7.0	8.0	9.0	10.0	11.0	12.0	13.0	14.0	15.0	16.0	17.0	18.0	19.0	20.0	21.0	22.0	23.0	24.0	25.0	26.0	27.0	28.0	29.0	30.0	31.0	32.0	33.0	34.0	35.0	36.0	37.0	38.0	39.0	40.0	41.0	42.0	43.0
MCW_CT_ROA_173_R2	2.0	55.0	218.0	409.0	560.0	697.0	943.0	1220.0	1636.0	2089.0	2799.0	3859.0	5148.0	6668.0	8675.0	10619.0	12976.0	15830.0	18573.0	22009.0	25520.0	30626.0	37145.0	45697.0	57172.0	71096.0	87756.0	110113.0	134583.0	166613.0	201767.0	244273.0	293970.0	353834.0	427153.0	515563.0	631901.0	793588.0	1039811.0	1484745.0	2760723.0	3194021.0
	11.0	12.0	13.0	14.0	15.0	16.0	17.0	18.0	19.0	20.0	21.0	22.0	23.0	24.0	25.0	26.0	27.0	28.0	29.0	30.0	31.0	32.0	33.0	34.0	35.0	36.0	37.0	38.0	39.0	40.0	41.0	42.0	43.0	44.0
MCW_CT_ROA_174_R1	2.0	4.0	14.0	26.0	56.0	135.0	253.0	563.0	1084.0	2037.0	3505.0	5786.0	8302.0	12224.0	16869.0	22233.0	28922.0	36788.0	45509.0	56115.0	67538.0	80649.0	96289.0	115641.0	137336.0	163530.0	198981.0	241125.0	299436.0	386757.0	519127.0	764790.0	1285947.0	1042335.0
	3.0	4.0	5.0	6.0	7.0	8.0	9.0	10.0	11.0	12.0	13.0	14.0	15.0	16.0	17.0	18.0	19.0	20.0	21.0	22.0	23.0	24.0	25.0	26.0	27.0	28.0	29.0	30.0	31.0	32.0	33.0	34.0	35.0	36.0	37.0	38.0	39.0	40.0	41.0	42.0	43.0
MCW_CT_ROA_174_R2	18.0	71.0	114.0	133.0	182.0	230.0	335.0	444.0	578.0	790.0	1064.0	1485.0	1868.0	2514.0	2941.0	3825.0	4633.0	5620.0	6758.0	8284.0	10007.0	12748.0	15912.0	19821.0	24954.0	31038.0	38744.0	47387.0	58551.0	70976.0	86629.0	104859.0	127186.0	154818.0	190757.0	238622.0	307792.0	415945.0	622475.0	1256970.0	1761830.0
	11.0	12.0	13.0	14.0	15.0	16.0	17.0	18.0	19.0	20.0	21.0	22.0	23.0	24.0	25.0	26.0	27.0	28.0	29.0	30.0	31.0	32.0	33.0	34.0	35.0	36.0	37.0	38.0	39.0	40.0	41.0	42.0	43.0	44.0
MCW_CT_ROA_175_R1	1.0	0.0	3.0	4.0	13.0	24.0	51.0	59.0	121.0	252.0	373.0	586.0	891.0	1356.0	1746.0	2518.0	3282.0	4393.0	5624.0	7191.0	8642.0	10609.0	12885.0	15068.0	17593.0	20288.0	24251.0	28693.0	34395.0	43905.0	58318.0	90175.0	186436.0	155669.0
	3.0	4.0	5.0	6.0	7.0	8.0	9.0	10.0	11.0	12.0	13.0	14.0	15.0	16.0	17.0	18.0	19.0	20.0	21.0	22.0	23.0	24.0	25.0	26.0	27.0	28.0	29.0	30.0	31.0	32.0	33.0	34.0	35.0	36.0	37.0	38.0	39.0	40.0	41.0	42.0	43.0
MCW_CT_ROA_175_R2	3.0	4.0	10.0	8.0	15.0	20.0	31.0	46.0	58.0	82.0	86.0	115.0	154.0	214.0	295.0	345.0	413.0	529.0	609.0	721.0	961.0	1108.0	1372.0	1773.0	2114.0	2851.0	3587.0	4613.0	5598.0	7012.0	8713.0	10692.0	13294.0	16281.0	20206.0	25635.0	34168.0	46168.0	71570.0	154554.0	299387.0
	10.0	11.0	12.0	13.0	14.0	15.0	16.0	17.0	18.0	19.0	20.0	21.0	22.0	23.0	24.0	25.0	26.0	27.0	28.0	29.0	30.0	31.0	32.0	33.0	34.0	35.0	36.0	37.0	38.0	39.0	40.0	41.0	42.0	43.0	44.0
MCW_CT_ROA_177_R1	1.0	9.0	17.0	44.0	97.0	168.0	349.0	737.0	1388.0	2541.0	4644.0	7535.0	11974.0	17781.0	25554.0	34958.0	46985.0	60647.0	76740.0	96036.0	117481.0	141731.0	167394.0	196839.0	229234.0	265508.0	308163.0	359553.0	424892.0	511456.0	636306.0	839331.0	1235807.0	2312856.0	2136916.0
	2.0	3.0	4.0	5.0	6.0	7.0	8.0	9.0	10.0	11.0	12.0	13.0	14.0	15.0	16.0	17.0	18.0	19.0	20.0	21.0	22.0	23.0	24.0	25.0	26.0	27.0	28.0	29.0	30.0	31.0	32.0	33.0	34.0	35.0	36.0	37.0	38.0	39.0	40.0	41.0	42.0	43.0
MCW_CT_ROA_177_R2	2.0	64.0	337.0	619.0	821.0	1023.0	1361.0	1686.0	2285.0	2934.0	3716.0	5052.0	6247.0	8154.0	10541.0	12609.0	15162.0	17686.0	20103.0	23297.0	27094.0	31814.0	37609.0	46256.0	56481.0	68829.0	84549.0	103749.0	125230.0	151580.0	181378.0	216388.0	255502.0	303024.0	358889.0	427321.0	515209.0	634145.0	816071.0	1143360.0	2080817.0	2472678.0
	10.0	11.0	12.0	13.0	14.0	15.0	16.0	17.0	18.0	19.0	20.0	21.0	22.0	23.0	24.0	25.0	26.0	27.0	28.0	29.0	30.0	31.0	32.0	33.0	34.0	35.0	36.0	37.0	38.0	39.0	40.0	41.0	42.0	43.0	44.0
MCW_CT_ROA_180_R1	1.0	4.0	12.0	21.0	51.0	93.0	211.0	404.0	917.0	1693.0	2930.0	4863.0	7695.0	11263.0	16362.0	22325.0	29893.0	39724.0	51432.0	65309.0	81920.0	101964.0	126412.0	156260.0	190943.0	236257.0	291875.0	365998.0	466970.0	607902.0	824541.0	1186833.0	1926672.0	3987438.0	3631836.0
	2.0	3.0	4.0	5.0	6.0	7.0	8.0	9.0	10.0	11.0	12.0	13.0	14.0	15.0	16.0	17.0	18.0	19.0	20.0	21.0	22.0	23.0	24.0	25.0	26.0	27.0	28.0	29.0	30.0	31.0	32.0	33.0	34.0	35.0	36.0	37.0	38.0	39.0	40.0	41.0	42.0	43.0
MCW_CT_ROA_180_R2	3.0	38.0	199.0	340.0	506.0	611.0	778.0	1144.0	1409.0	1871.0	2616.0	3436.0	4747.0	6157.0	8004.0	9708.0	12114.0	14402.0	17161.0	20376.0	23744.0	28522.0	34017.0	41219.0	51400.0	62688.0	77489.0	95558.0	117545.0	143559.0	175479.0	211523.0	257101.0	312769.0	379989.0	465826.0	584100.0	749692.0	1020739.0	1537059.0	3175447.0	4787939.0
	11.0	12.0	13.0	14.0	15.0	16.0	17.0	18.0	19.0	20.0	21.0	22.0	23.0	24.0	25.0	26.0	27.0	28.0	29.0	30.0	31.0	32.0	33.0	34.0	35.0	36.0	37.0	38.0	39.0	40.0	41.0	42.0	43.0	44.0
MCW_CT_ROA_181_R1	7.0	6.0	24.0	48.0	93.0	199.0	372.0	819.0	1502.0	2762.0	4722.0	7336.0	11284.0	16040.0	22338.0	29677.0	39337.0	50471.0	63694.0	78925.0	97460.0	117402.0	141365.0	170441.0	205790.0	249597.0	306881.0	385864.0	498242.0	671645.0	968149.0	1595886.0	3632210.0	3612570.0
	2.0	3.0	4.0	5.0	6.0	7.0	8.0	9.0	10.0	11.0	12.0	13.0	14.0	15.0	16.0	17.0	18.0	19.0	20.0	21.0	22.0	23.0	24.0	25.0	26.0	27.0	28.0	29.0	30.0	31.0	32.0	33.0	34.0	35.0	36.0	37.0	38.0	39.0	40.0	41.0	42.0	43.0
MCW_CT_ROA_181_R2	1.0	36.0	206.0	348.0	481.0	661.0	826.0	1215.0	1518.0	2029.0	2862.0	3583.0	4914.0	6546.0	8276.0	10535.0	13017.0	15572.0	19056.0	22458.0	27335.0	33068.0	40967.0	51286.0	64266.0	80543.0	100635.0	125712.0	155265.0	189210.0	229314.0	275796.0	328184.0	393861.0	467224.0	560306.0	677925.0	841177.0	1086193.0	1528363.0	2745866.0	2866522.0
	11.0	12.0	13.0	14.0	15.0	16.0	17.0	18.0	19.0	20.0	21.0	22.0	23.0	24.0	25.0	26.0	27.0	28.0	29.0	30.0	31.0	32.0	33.0	34.0	35.0	36.0	37.0	38.0	39.0	40.0	41.0	42.0	43.0	44.0
MCW_CT_ROA_183_R1	4.0	15.0	26.0	73.0	163.0	347.0	728.0	1466.0	2750.0	4876.0	8187.0	13095.0	19608.0	28024.0	38971.0	52120.0	68332.0	87371.0	110858.0	136348.0	164972.0	196351.0	232642.0	272236.0	314471.0	363393.0	422641.0	493966.0	588557.0	723365.0	937242.0	1356454.0	2370215.0	2063448.0
	2.0	3.0	4.0	5.0	6.0	7.0	8.0	9.0	10.0	11.0	12.0	13.0	14.0	15.0	16.0	17.0	18.0	19.0	20.0	21.0	22.0	23.0	24.0	25.0	26.0	27.0	28.0	29.0	30.0	31.0	32.0	33.0	34.0	35.0	36.0	37.0	38.0	39.0	40.0	41.0	42.0	43.0
MCW_CT_ROA_183_R2	3.0	57.0	217.0	319.0	394.0	523.0	642.0	839.0	1071.0	1439.0	1927.0	2458.0	3319.0	4357.0	5784.0	7518.0	9182.0	11485.0	13887.0	17196.0	20495.0	25394.0	31279.0	39226.0	48945.0	61537.0	77584.0	96748.0	119972.0	146450.0	178642.0	215964.0	258764.0	311074.0	372071.0	448711.0	548240.0	682030.0	888902.0	1262990.0	2350321.0	2805359.0
	10.0	11.0	12.0	13.0	14.0	15.0	16.0	17.0	18.0	19.0	20.0	21.0	22.0	23.0	24.0	25.0	26.0	27.0	28.0	29.0	30.0	31.0	32.0	33.0	34.0	35.0	36.0	37.0	38.0	39.0	40.0	41.0	42.0	43.0	44.0
MCW_CT_ROA_185_R1	2.0	3.0	14.0	49.0	90.0	161.0	294.0	575.0	1076.0	1979.0	3498.0	5808.0	8838.0	13303.0	18774.0	26174.0	35512.0	46383.0	58961.0	74857.0	94082.0	114659.0	138886.0	166149.0	197609.0	235459.0	279642.0	335969.0	408024.0	506474.0	650847.0	883306.0	1344251.0	2504358.0	2222012.0
	3.0	4.0	5.0	6.0	7.0	8.0	9.0	10.0	11.0	12.0	13.0	14.0	15.0	16.0	17.0	18.0	19.0	20.0	21.0	22.0	23.0	24.0	25.0	26.0	27.0	28.0	29.0	30.0	31.0	32.0	33.0	34.0	35.0	36.0	37.0	38.0	39.0	40.0	41.0	42.0	43.0
MCW_CT_ROA_185_R2	53.0	202.0	334.0	457.0	583.0	745.0	987.0	1224.0	1683.0	2255.0	2886.0	3914.0	4987.0	6483.0	8042.0	9972.0	12129.0	14589.0	17424.0	20530.0	24078.0	28626.0	34480.0	41346.0	49311.0	60130.0	72796.0	88526.0	107045.0	128947.0	155144.0	188073.0	227664.0	279021.0	341928.0	428822.0	551331.0	746842.0	1120576.0	2286374.0	3307539.0
	11.0	12.0	13.0	14.0	15.0	16.0	17.0	18.0	19.0	20.0	21.0	22.0	23.0	24.0	25.0	26.0	27.0	28.0	29.0	30.0	31.0	32.0	33.0	34.0	35.0	36.0	37.0	38.0	39.0	40.0	41.0	42.0	43.0	44.0
MCW_CT_ROA_189_R1	2.0	3.0	16.0	28.0	47.0	104.0	175.0	362.0	651.0	1091.0	1761.0	2760.0	3940.0	5698.0	7814.0	10256.0	13526.0	17802.0	22923.0	29727.0	38263.0	49498.0	63627.0	81851.0	106304.0	139166.0	184707.0	248440.0	340406.0	482843.0	721121.0	1213639.0	2679739.0	2554332.0
	3.0	4.0	5.0	6.0	7.0	8.0	9.0	10.0	11.0	12.0	13.0	14.0	15.0	16.0	17.0	18.0	19.0	20.0	21.0	22.0	23.0	24.0	25.0	26.0	27.0	28.0	29.0	30.0	31.0	32.0	33.0	34.0	35.0	36.0	37.0	38.0	39.0	40.0	41.0	42.0	43.0
MCW_CT_ROA_189_R2	27.0	128.0	224.0	327.0	435.0	563.0	764.0	1066.0	1454.0	2018.0	2659.0	3705.0	4857.0	6224.0	7942.0	9848.0	11838.0	14048.0	16168.0	18481.0	21397.0	24972.0	29485.0	35115.0	42724.0	51694.0	62512.0	75604.0	91461.0	110493.0	133186.0	161302.0	195610.0	240002.0	296283.0	372108.0	482244.0	657177.0	998326.0	2054417.0	2783734.0
	10.0	11.0	12.0	13.0	14.0	15.0	16.0	17.0	18.0	19.0	20.0	21.0	22.0	23.0	24.0	25.0	26.0	27.0	28.0	29.0	30.0	31.0	32.0	33.0	34.0	35.0	36.0	37.0	38.0	39.0	40.0	41.0	42.0	43.0	44.0
MCW_CT_ROA_192_R1	1.0	4.0	7.0	26.0	59.0	110.0	213.0	391.0	682.0	1338.0	2161.0	3591.0	5659.0	8251.0	11695.0	16138.0	21752.0	28639.0	37371.0	47464.0	59597.0	73202.0	90414.0	110637.0	134556.0	164192.0	200879.0	250910.0	318833.0	414723.0	565707.0	815587.0	1321067.0	2629995.0	2283592.0
	2.0	3.0	4.0	5.0	6.0	7.0	8.0	9.0	10.0	11.0	12.0	13.0	14.0	15.0	16.0	17.0	18.0	19.0	20.0	21.0	22.0	23.0	24.0	25.0	26.0	27.0	28.0	29.0	30.0	31.0	32.0	33.0	34.0	35.0	36.0	37.0	38.0	39.0	40.0	41.0	42.0	43.0
MCW_CT_ROA_192_R2	2.0	36.0	159.0	288.0	394.0	536.0	685.0	942.0	1149.0	1606.0	2066.0	2883.0	3847.0	5225.0	6742.0	8548.0	10966.0	13207.0	16109.0	19436.0	22851.0	28108.0	34003.0	42460.0	52108.0	65456.0	81067.0	100716.0	122809.0	149952.0	181387.0	216647.0	259424.0	309361.0	367232.0	439999.0	533235.0	656765.0	843234.0	1171415.0	2023981.0	1822407.0
	9.0	10.0	11.0	12.0	13.0	14.0	15.0	16.0	17.0	18.0	19.0	20.0	21.0	22.0	23.0	24.0	25.0	26.0	27.0	28.0	29.0	30.0	31.0	32.0	33.0	34.0	35.0	36.0	37.0	38.0	39.0	40.0	41.0	42.0	43.0	44.0
MCW_CT_ROA_194_R1	1.0	1.0	2.0	10.0	15.0	58.0	125.0	292.0	672.0	1407.0	2667.0	4756.0	8330.0	13142.0	19486.0	27727.0	37841.0	50749.0	65748.0	83143.0	103101.0	125223.0	150417.0	180764.0	214531.0	252835.0	298880.0	355296.0	425907.0	519776.0	646320.0	835462.0	1142807.0	1751623.0	3227908.0	2793324.0
	2.0	3.0	4.0	5.0	6.0	7.0	8.0	9.0	10.0	11.0	12.0	13.0	14.0	15.0	16.0	17.0	18.0	19.0	20.0	21.0	22.0	23.0	24.0	25.0	26.0	27.0	28.0	29.0	30.0	31.0	32.0	33.0	34.0	35.0	36.0	37.0	38.0	39.0	40.0	41.0	42.0	43.0
MCW_CT_ROA_194_R2	3.0	32.0	143.0	314.0	362.0	478.0	708.0	965.0	1217.0	1596.0	2276.0	3083.0	4048.0	5442.0	7063.0	8915.0	10896.0	13428.0	16091.0	18985.0	23354.0	28263.0	34470.0	42255.0	52682.0	65364.0	81387.0	101830.0	126161.0	155274.0	188961.0	230460.0	277629.0	335337.0	405922.0	495529.0	609507.0	772851.0	1027103.0	1501566.0	2925009.0	3763387.0
	10.0	11.0	12.0	13.0	14.0	15.0	16.0	17.0	18.0	19.0	20.0	21.0	22.0	23.0	24.0	25.0	26.0	27.0	28.0	29.0	30.0	31.0	32.0	33.0	34.0	35.0	36.0	37.0	38.0	39.0	40.0	41.0	42.0	43.0	44.0
MCW_CT_ROA_195_R1	1.0	4.0	12.0	37.0	93.0	188.0	368.0	701.0	1342.0	2585.0	4390.0	7553.0	11989.0	18185.0	26598.0	38087.0	52133.0	69591.0	91149.0	117431.0	146766.0	180670.0	216514.0	258691.0	302437.0	352029.0	405224.0	471067.0	551343.0	656361.0	815268.0	1076273.0	1640376.0	3535862.0	3410652.0
	2.0	3.0	4.0	5.0	6.0	7.0	8.0	9.0	10.0	11.0	12.0	13.0	14.0	15.0	16.0	17.0	18.0	19.0	20.0	21.0	22.0	23.0	24.0	25.0	26.0	27.0	28.0	29.0	30.0	31.0	32.0	33.0	34.0	35.0	36.0	37.0	38.0	39.0	40.0	41.0	42.0	43.0
MCW_CT_ROA_195_R2	2.0	32.0	144.0	319.0	476.0	624.0	842.0	1070.0	1329.0	1782.0	2355.0	3176.0	4172.0	5638.0	7290.0	9237.0	11726.0	14735.0	17781.0	21744.0	26686.0	33679.0	42437.0	54465.0	69634.0	89024.0	113110.0	142602.0	178511.0	218992.0	266121.0	318740.0	380662.0	451425.0	535641.0	635975.0	762360.0	930748.0	1186486.0	1640572.0	2926783.0	3352843.0
	10.0	11.0	12.0	13.0	14.0	15.0	16.0	17.0	18.0	19.0	20.0	21.0	22.0	23.0	24.0	25.0	26.0	27.0	28.0	29.0	30.0	31.0	32.0	33.0	34.0	35.0	36.0	37.0	38.0	39.0	40.0	41.0	42.0	43.0	44.0
MCW_CT_ROA_202_R1	1.0	6.0	7.0	26.0	68.0	116.0	216.0	447.0	959.0	1725.0	2980.0	5254.0	8374.0	12791.0	18157.0	25359.0	34151.0	45100.0	58394.0	73713.0	91149.0	110685.0	132557.0	155587.0	181435.0	211280.0	243247.0	283284.0	330982.0	395129.0	486877.0	636411.0	934931.0	1723454.0	1564093.0
	2.0	3.0	4.0	5.0	6.0	7.0	8.0	9.0	10.0	11.0	12.0	13.0	14.0	15.0	16.0	17.0	18.0	19.0	20.0	21.0	22.0	23.0	24.0	25.0	26.0	27.0	28.0	29.0	30.0	31.0	32.0	33.0	34.0	35.0	36.0	37.0	38.0	39.0	40.0	41.0	42.0	43.0
MCW_CT_ROA_202_R2	1.0	14.0	85.0	164.0	201.0	265.0	378.0	497.0	573.0	819.0	1017.0	1289.0	1805.0	2292.0	2922.0	3912.0	4922.0	6204.0	7447.0	9077.0	11242.0	13614.0	16328.0	19920.0	24213.0	29403.0	36410.0	45080.0	55698.0	68556.0	85220.0	105269.0	128987.0	159097.0	196326.0	245224.0	310839.0	404191.0	553633.0	834114.0	1709472.0	2672225.0
	11.0	12.0	13.0	14.0	15.0	16.0	17.0	18.0	19.0	20.0	21.0	22.0	23.0	24.0	25.0	26.0	27.0	28.0	29.0	30.0	31.0	32.0	33.0	34.0	35.0	36.0	37.0	38.0	39.0	40.0	41.0	42.0	43.0	44.0
MCW_CT_ROA_206_R1	4.0	9.0	37.0	64.0	135.0	285.0	560.0	971.0	1747.0	3183.0	5234.0	8248.0	12210.0	17576.0	23865.0	31607.0	40597.0	51998.0	64617.0	80024.0	97654.0	116163.0	140119.0	165225.0	196500.0	232991.0	277089.0	337323.0	416199.0	534645.0	723740.0	1093965.0	2008588.0	1775250.0
	3.0	4.0	5.0	6.0	7.0	8.0	9.0	10.0	11.0	12.0	13.0	14.0	15.0	16.0	17.0	18.0	19.0	20.0	21.0	22.0	23.0	24.0	25.0	26.0	27.0	28.0	29.0	30.0	31.0	32.0	33.0	34.0	35.0	36.0	37.0	38.0	39.0	40.0	41.0	42.0	43.0
MCW_CT_ROA_206_R2	82.0	282.0	473.0	512.0	792.0	995.0	1344.0	1664.0	2297.0	2845.0	4025.0	5078.0	7040.0	8899.0	11148.0	13662.0	16379.0	19522.0	22470.0	25748.0	30269.0	35506.0	42508.0	50741.0	61387.0	74763.0	90143.0	109313.0	130578.0	156510.0	185920.0	220606.0	261850.0	308795.0	370596.0	446876.0	550672.0	707997.0	989652.0	1756359.0	1732124.0
	9.0	10.0	11.0	12.0	13.0	14.0	15.0	16.0	17.0	18.0	19.0	20.0	21.0	22.0	23.0	24.0	25.0	26.0	27.0	28.0	29.0	30.0	31.0	32.0	33.0	34.0	35.0	36.0	37.0	38.0	39.0	40.0	41.0	42.0	43.0	44.0
MCW_CT_ROA_207_R1	1.0	0.0	5.0	10.0	35.0	55.0	88.0	201.0	350.0	679.0	1284.0	2064.0	3480.0	5431.0	7934.0	11249.0	15881.0	20674.0	27410.0	35847.0	46337.0	58783.0	74396.0	93799.0	118893.0	149434.0	186682.0	236932.0	303755.0	390826.0	512850.0	695320.0	989555.0	1576561.0	2974321.0	2471082.0
	2.0	3.0	4.0	5.0	6.0	7.0	8.0	9.0	10.0	11.0	12.0	13.0	14.0	15.0	16.0	17.0	18.0	19.0	20.0	21.0	22.0	23.0	24.0	25.0	26.0	27.0	28.0	29.0	30.0	31.0	32.0	33.0	34.0	35.0	36.0	37.0	38.0	39.0	40.0	41.0	42.0	43.0
MCW_CT_ROA_207_R2	2.0	43.0	214.0	365.0	520.0	653.0	850.0	1166.0	1502.0	2085.0	2759.0	3719.0	4825.0	6469.0	8225.0	10107.0	12217.0	14806.0	16893.0	19961.0	22830.0	26500.0	30962.0	36686.0	43841.0	52515.0	63515.0	77060.0	93159.0	112655.0	135715.0	163064.0	196527.0	238791.0	290289.0	357284.0	446484.0	575171.0	782409.0	1180193.0	2422701.0	3556472.0
	11.0	12.0	13.0	14.0	15.0	16.0	17.0	18.0	19.0	20.0	21.0	22.0	23.0	24.0	25.0	26.0	27.0	28.0	29.0	30.0	31.0	32.0	33.0	34.0	35.0	36.0	37.0	38.0	39.0	40.0	41.0	42.0	43.0	44.0
MCW_CT_ROA_208_R1	1.0	14.0	23.0	45.0	106.0	247.0	468.0	901.0	1668.0	2936.0	5023.0	7687.0	11562.0	16159.0	22029.0	29216.0	37206.0	46605.0	57054.0	69017.0	81173.0	95864.0	110933.0	127079.0	146325.0	168769.0	195287.0	231506.0	280968.0	354204.0	479916.0	730897.0	1351629.0	1196164.0
	2.0	3.0	4.0	5.0	6.0	7.0	8.0	9.0	10.0	11.0	12.0	13.0	14.0	15.0	16.0	17.0	18.0	19.0	20.0	21.0	22.0	23.0	24.0	25.0	26.0	27.0	28.0	29.0	30.0	31.0	32.0	33.0	34.0	35.0	36.0	37.0	38.0	39.0	40.0	41.0	42.0	43.0
MCW_CT_ROA_208_R2	1.0	34.0	150.0	265.0	333.0	411.0	550.0	720.0	894.0	1207.0	1589.0	2040.0	2647.0	3412.0	4351.0	5460.0	6407.0	7836.0	9155.0	10899.0	13055.0	15046.0	17860.0	21210.0	25418.0	31093.0	37213.0	45452.0	55331.0	67211.0	81194.0	97494.0	117808.0	140881.0	171552.0	208079.0	257803.0	327705.0	435603.0	640641.0	1265526.0	1727145.0
	10.0	11.0	12.0	13.0	14.0	15.0	16.0	17.0	18.0	19.0	20.0	21.0	22.0	23.0	24.0	25.0	26.0	27.0	28.0	29.0	30.0	31.0	32.0	33.0	34.0	35.0	36.0	37.0	38.0	39.0	40.0	41.0	42.0	43.0	44.0
MCW_CT_ROA_209_R1	1.0	3.0	11.0	15.0	52.0	111.0	255.0	484.0	928.0	1593.0	2626.0	4209.0	6417.0	9064.0	12901.0	17227.0	22951.0	30215.0	39083.0	49482.0	61400.0	76384.0	94598.0	115500.0	141653.0	176027.0	218613.0	276514.0	355769.0	470149.0	645203.0	946264.0	1573965.0	3204946.0	2746268.0
	2.0	3.0	4.0	5.0	6.0	7.0	8.0	9.0	10.0	11.0	12.0	13.0	14.0	15.0	16.0	17.0	18.0	19.0	20.0	21.0	22.0	23.0	24.0	25.0	26.0	27.0	28.0	29.0	30.0	31.0	32.0	33.0	34.0	35.0	36.0	37.0	38.0	39.0	40.0	41.0	42.0	43.0
MCW_CT_ROA_209_R2	1.0	22.0	168.0	341.0	479.0	626.0	759.0	1111.0	1541.0	1890.0	2578.0	3467.0	4776.0	6351.0	8164.0	10108.0	12446.0	15230.0	17792.0	20999.0	24313.0	28582.0	33526.0	39648.0	47456.0	56986.0	68729.0	82959.0	100341.0	120380.0	145013.0	173892.0	208166.0	249894.0	301273.0	368644.0	457160.0	587560.0	793820.0	1194069.0	2472228.0	3637393.0
	10.0	11.0	12.0	13.0	14.0	15.0	16.0	17.0	18.0	19.0	20.0	21.0	22.0	23.0	24.0	25.0	26.0	27.0	28.0	29.0	30.0	31.0	32.0	33.0	34.0	35.0	36.0	37.0	38.0	39.0	40.0	41.0	42.0	43.0	44.0
MCW_CT_ROA_210_R1	1.0	5.0	6.0	17.0	41.0	108.0	182.0	412.0	784.0	1518.0	2689.0	4395.0	6947.0	10380.0	14872.0	20098.0	26762.0	35370.0	44581.0	55976.0	68919.0	84764.0	102344.0	123275.0	147949.0	176098.0	212109.0	255216.0	312770.0	387662.0	497850.0	666461.0	981377.0	1710198.0	1456114.0
	2.0	3.0	4.0	5.0	6.0	7.0	8.0	9.0	10.0	11.0	12.0	13.0	14.0	15.0	16.0	17.0	18.0	19.0	20.0	21.0	22.0	23.0	24.0	25.0	26.0	27.0	28.0	29.0	30.0	31.0	32.0	33.0	34.0	35.0	36.0	37.0	38.0	39.0	40.0	41.0	42.0	43.0
MCW_CT_ROA_210_R2	2.0	41.0	159.0	270.0	361.0	450.0	558.0	796.0	1041.0	1369.0	1870.0	2486.0	3218.0	4271.0	5390.0	6634.0	8151.0	9702.0	11729.0	13875.0	16575.0	19936.0	24051.0	29251.0	36289.0	44087.0	54892.0	67481.0	81840.0	99805.0	120014.0	145012.0	173801.0	208362.0	248214.0	301608.0	368049.0	461090.0	600966.0	853829.0	1571648.0	1809077.0
	11.0	12.0	13.0	14.0	15.0	16.0	17.0	18.0	19.0	20.0	21.0	22.0	23.0	24.0	25.0	26.0	27.0	28.0	29.0	30.0	31.0	32.0	33.0	34.0	35.0	36.0	37.0	38.0	39.0	40.0	41.0	42.0	43.0	44.0
MCW_CT_ROA_211_R1	2.0	16.0	25.0	86.0	155.0	302.0	549.0	1006.0	1934.0	3318.0	5406.0	8664.0	12554.0	18065.0	25070.0	33553.0	43795.0	56263.0	70990.0	88388.0	108685.0	131478.0	156973.0	186397.0	219470.0	259106.0	305530.0	364030.0	444308.0	557679.0	749123.0	1127770.0	2102235.0	1860945.0
	2.0	3.0	4.0	5.0	6.0	7.0	8.0	9.0	10.0	11.0	12.0	13.0	14.0	15.0	16.0	17.0	18.0	19.0	20.0	21.0	22.0	23.0	24.0	25.0	26.0	27.0	28.0	29.0	30.0	31.0	32.0	33.0	34.0	35.0	36.0	37.0	38.0	39.0	40.0	41.0	42.0	43.0
MCW_CT_ROA_211_R2	2.0	44.0	216.0	348.0	505.0	610.0	841.0	1055.0	1424.0	1861.0	2580.0	3344.0	4392.0	5791.0	7626.0	9796.0	12138.0	14887.0	17820.0	21128.0	24761.0	28829.0	35216.0	42122.0	51321.0	62920.0	77215.0	94397.0	114731.0	139249.0	167466.0	200277.0	238480.0	281292.0	336262.0	399933.0	482072.0	594231.0	759223.0	1051525.0	1849554.0	1806386.0
	10.0	11.0	12.0	13.0	14.0	15.0	16.0	17.0	18.0	19.0	20.0	21.0	22.0	23.0	24.0	25.0	26.0	27.0	28.0	29.0	30.0	31.0	32.0	33.0	34.0	35.0	36.0	37.0	38.0	39.0	40.0	41.0	42.0	43.0	44.0
MCW_CT_ROA_213_R1	1.0	4.0	10.0	32.0	80.0	167.0	392.0	703.0	1487.0	2974.0	5298.0	9052.0	14214.0	22112.0	32246.0	45837.0	62898.0	83118.0	108956.0	138114.0	171324.0	209821.0	252369.0	297298.0	346743.0	400403.0	460197.0	528144.0	612297.0	718917.0	868904.0	1101015.0	1532795.0	2579999.0	2895070.0
	3.0	4.0	5.0	6.0	7.0	8.0	9.0	10.0	11.0	12.0	13.0	14.0	15.0	16.0	17.0	18.0	19.0	20.0	21.0	22.0	23.0	24.0	25.0	26.0	27.0	28.0	29.0	30.0	31.0	32.0	33.0	34.0	35.0	36.0	37.0	38.0	39.0	40.0	41.0	42.0	43.0	44.0
MCW_CT_ROA_213_R2	21.0	90.0	223.0	319.0	354.0	426.0	582.0	805.0	976.0	1311.0	1768.0	2502.0	3335.0	4583.0	5965.0	7629.0	9721.0	11664.0	14141.0	16934.0	20750.0	25655.0	32376.0	40981.0	52185.0	66565.0	85185.0	106877.0	134346.0	167800.0	207248.0	256102.0	314794.0	387237.0	480514.0	600676.0	772592.0	1034318.0	1524664.0	3016479.0	4092037.0	261.0
	10.0	11.0	12.0	13.0	14.0	15.0	16.0	17.0	18.0	19.0	20.0	21.0	22.0	23.0	24.0	25.0	26.0	27.0	28.0	29.0	30.0	31.0	32.0	33.0	34.0	35.0	36.0	37.0	38.0	39.0	40.0	41.0	42.0	43.0	44.0
MCW_CT_ROA_215_R1	2.0	4.0	18.0	36.0	72.0	112.0	221.0	496.0	990.0	1795.0	3409.0	5583.0	9040.0	14175.0	20682.0	29707.0	40899.0	55317.0	72593.0	93595.0	117874.0	145139.0	175947.0	209342.0	247086.0	287850.0	335317.0	393467.0	465085.0	561586.0	699607.0	921889.0	1355767.0	2573736.0	3402880.0
	3.0	4.0	5.0	6.0	7.0	8.0	9.0	10.0	11.0	12.0	13.0	14.0	15.0	16.0	17.0	18.0	19.0	20.0	21.0	22.0	23.0	24.0	25.0	26.0	27.0	28.0	29.0	30.0	31.0	32.0	33.0	34.0	35.0	36.0	37.0	38.0	39.0	40.0	41.0	42.0	43.0	44.0
MCW_CT_ROA_215_R2	23.0	155.0	347.0	439.0	495.0	619.0	817.0	1005.0	1261.0	1592.0	2033.0	2709.0	3610.0	4560.0	5558.0	7036.0	8369.0	10074.0	11791.0	13947.0	16587.0	20407.0	25101.0	31337.0	39944.0	50997.0	64427.0	81413.0	101913.0	127228.0	157763.0	194907.0	241353.0	298818.0	372813.0	472603.0	615500.0	846721.0	1289749.0	2733923.0	4381133.0	241.0
	10.0	11.0	12.0	13.0	14.0	15.0	16.0	17.0	18.0	19.0	20.0	21.0	22.0	23.0	24.0	25.0	26.0	27.0	28.0	29.0	30.0	31.0	32.0	33.0	34.0	35.0	36.0	37.0	38.0	39.0	40.0	41.0	42.0	43.0	44.0
MCW_CT_ROA_217_R1	3.0	8.0	10.0	32.0	78.0	129.0	248.0	505.0	919.0	1847.0	3390.0	5791.0	9524.0	14433.0	21415.0	30396.0	42438.0	56980.0	74881.0	96996.0	121932.0	151120.0	185242.0	222733.0	264643.0	310905.0	362548.0	421913.0	496936.0	596107.0	740342.0	971692.0	1436042.0	2831562.0	4056585.0
	2.0	3.0	4.0	5.0	6.0	7.0	8.0	9.0	10.0	11.0	12.0	13.0	14.0	15.0	16.0	17.0	18.0	19.0	20.0	21.0	22.0	23.0	24.0	25.0	26.0	27.0	28.0	29.0	30.0	31.0	32.0	33.0	34.0	35.0	36.0	37.0	38.0	39.0	40.0	41.0	42.0	43.0	44.0
MCW_CT_ROA_217_R2	1.0	29.0	160.0	309.0	388.0	501.0	638.0	755.0	960.0	1225.0	1683.0	2294.0	2894.0	3854.0	4932.0	6373.0	8118.0	9961.0	12203.0	14535.0	17912.0	22256.0	28816.0	36854.0	48423.0	62830.0	80894.0	104211.0	131892.0	165500.0	204983.0	251053.0	305091.0	370136.0	449456.0	545690.0	670174.0	840444.0	1096482.0	1565042.0	2919928.0	3540305.0	140.0
	11.0	12.0	13.0	14.0	15.0	16.0	17.0	18.0	19.0	20.0	21.0	22.0	23.0	24.0	25.0	26.0	27.0	28.0	29.0	30.0	31.0	32.0	33.0	34.0	35.0	36.0	37.0	38.0	39.0	40.0	41.0	42.0	43.0	44.0
MCW_CT_ROA_218_R1	5.0	18.0	31.0	61.0	157.0	302.0	679.0	1386.0	2755.0	5182.0	8892.0	14550.0	21843.0	32504.0	45526.0	62420.0	82974.0	107861.0	137316.0	169506.0	206932.0	247365.0	291607.0	340339.0	396534.0	457203.0	530789.0	624907.0	751355.0	927225.0	1214119.0	1773835.0	3282239.0	4042298.0
	3.0	4.0	5.0	6.0	7.0	8.0	9.0	10.0	11.0	12.0	13.0	14.0	15.0	16.0	17.0	18.0	19.0	20.0	21.0	22.0	23.0	24.0	25.0	26.0	27.0	28.0	29.0	30.0	31.0	32.0	33.0	34.0	35.0	36.0	37.0	38.0	39.0	40.0	41.0	42.0	43.0	44.0
MCW_CT_ROA_218_R2	18.0	125.0	317.0	356.0	493.0	632.0	704.0	934.0	1181.0	1578.0	2144.0	2915.0	3820.0	5121.0	6606.0	8546.0	10239.0	12535.0	14939.0	18045.0	22216.0	27984.0	36122.0	47059.0	60865.0	79411.0	101349.0	127982.0	161734.0	200886.0	246895.0	300445.0	367508.0	448854.0	548704.0	682858.0	867654.0	1157305.0	1709719.0	3441686.0	5051957.0	274.0
	9.0	10.0	11.0	12.0	13.0	14.0	15.0	16.0	17.0	18.0	19.0	20.0	21.0	22.0	23.0	24.0	25.0	26.0	27.0	28.0	29.0	30.0	31.0	32.0	33.0	34.0	35.0	36.0	37.0	38.0	39.0	40.0	41.0	42.0	43.0	44.0
MCW_CT_ROA_221_R1	1.0	1.0	10.0	17.0	35.0	90.0	174.0	373.0	654.0	1417.0	2620.0	4713.0	8031.0	13228.0	20152.0	29389.0	41576.0	57205.0	76351.0	99591.0	127204.0	157950.0	193284.0	231215.0	271900.0	316139.0	364383.0	415142.0	471075.0	538931.0	619729.0	733800.0	905779.0	1232714.0	2121360.0	2624615.0
	2.0	3.0	4.0	5.0	6.0	7.0	8.0	9.0	10.0	11.0	12.0	13.0	14.0	15.0	16.0	17.0	18.0	19.0	20.0	21.0	22.0	23.0	24.0	25.0	26.0	27.0	28.0	29.0	30.0	31.0	32.0	33.0	34.0	35.0	36.0	37.0	38.0	39.0	40.0	41.0	42.0	43.0	44.0
MCW_CT_ROA_221_R2	1.0	24.0	121.0	266.0	376.0	460.0	581.0	750.0	974.0	1206.0	1590.0	2136.0	2787.0	3734.0	4970.0	6266.0	8057.0	9897.0	11926.0	14406.0	17950.0	22067.0	27706.0	35416.0	45195.0	58625.0	75544.0	96378.0	121255.0	151511.0	185616.0	227783.0	275466.0	334002.0	400005.0	485007.0	589311.0	731503.0	943313.0	1329024.0	2440546.0	3017001.0	96.0
	10.0	11.0	12.0	13.0	14.0	15.0	16.0	17.0	18.0	19.0	20.0	21.0	22.0	23.0	24.0	25.0	26.0	27.0	28.0	29.0	30.0	31.0	32.0	33.0	34.0	35.0	36.0	37.0	38.0	39.0	40.0	41.0	42.0	43.0	44.0
MCW_CT_ROA_223_R1	2.0	3.0	10.0	23.0	47.0	100.0	207.0	452.0	819.0	1549.0	2782.0	4771.0	7432.0	11306.0	16443.0	22972.0	32015.0	42667.0	55923.0	72496.0	90602.0	112978.0	138687.0	167226.0	199494.0	237342.0	282267.0	335781.0	408499.0	505661.0	652139.0	893633.0	1382199.0	2862786.0	3935614.0
	3.0	4.0	5.0	6.0	7.0	8.0	9.0	10.0	11.0	12.0	13.0	14.0	15.0	16.0	17.0	18.0	19.0	20.0	21.0	22.0	23.0	24.0	25.0	26.0	27.0	28.0	29.0	30.0	31.0	32.0	33.0	34.0	35.0	36.0	37.0	38.0	39.0	40.0	41.0	42.0	43.0	44.0
MCW_CT_ROA_223_R2	16.0	94.0	238.0	305.0	376.0	458.0	574.0	709.0	928.0	1217.0	1704.0	2293.0	3170.0	4043.0	5264.0	6612.0	8049.0	9673.0	11520.0	14017.0	16861.0	21133.0	26905.0	34587.0	44427.0	57142.0	72915.0	92865.0	115786.0	143456.0	177166.0	217182.0	264689.0	324799.0	400115.0	498002.0	641273.0	865005.0	1300230.0	2707496.0	4383533.0	100.0
	11.0	12.0	13.0	14.0	15.0	16.0	17.0	18.0	19.0	20.0	21.0	22.0	23.0	24.0	25.0	26.0	27.0	28.0	29.0	30.0	31.0	32.0	33.0	34.0	35.0	36.0	37.0	38.0	39.0	40.0	41.0	42.0	43.0	44.0
MCW_CT_ROA_224_R1	1.0	2.0	7.0	14.0	34.0	81.0	204.0	426.0	870.0	1659.0	2903.0	4809.0	7375.0	10997.0	14996.0	20517.0	26824.0	34259.0	42854.0	53774.0	66071.0	79997.0	97222.0	117475.0	142397.0	175131.0	216866.0	272952.0	349751.0	466170.0	649226.0	991000.0	1795670.0	2182655.0
	2.0	3.0	4.0	5.0	6.0	7.0	8.0	9.0	10.0	11.0	12.0	13.0	14.0	15.0	16.0	17.0	18.0	19.0	20.0	21.0	22.0	23.0	24.0	25.0	26.0	27.0	28.0	29.0	30.0	31.0	32.0	33.0	34.0	35.0	36.0	37.0	38.0	39.0	40.0	41.0	42.0	43.0	44.0
MCW_CT_ROA_224_R2	2.0	19.0	62.0	136.0	143.0	201.0	283.0	324.0	499.0	575.0	830.0	1188.0	1540.0	2088.0	2834.0	3653.0	4536.0	5452.0	6700.0	8010.0	9794.0	11994.0	14727.0	19286.0	24695.0	31273.0	40052.0	51068.0	64015.0	80028.0	99385.0	121688.0	150844.0	184326.0	226075.0	278483.0	349850.0	450070.0	611388.0	915870.0	1820600.0	2230483.0	120.0
	10.0	11.0	12.0	13.0	14.0	15.0	16.0	17.0	18.0	19.0	20.0	21.0	22.0	23.0	24.0	25.0	26.0	27.0	28.0	29.0	30.0	31.0	32.0	33.0	34.0	35.0	36.0	37.0	38.0	39.0	40.0	41.0	42.0	43.0	44.0
MCW_CT_ROA_226_R1	1.0	3.0	4.0	20.0	35.0	79.0	164.0	314.0	718.0	1303.0	2378.0	3957.0	6483.0	9595.0	13814.0	19481.0	26822.0	35630.0	46855.0	59491.0	76469.0	96514.0	119982.0	148209.0	180441.0	220862.0	269913.0	331422.0	411571.0	521032.0	684661.0	939873.0	1426143.0	2583364.0	2891409.0
	3.0	4.0	5.0	6.0	7.0	8.0	9.0	10.0	11.0	12.0	13.0	14.0	15.0	16.0	17.0	18.0	19.0	20.0	21.0	22.0	23.0	24.0	25.0	26.0	27.0	28.0	29.0	30.0	31.0	32.0	33.0	34.0	35.0	36.0	37.0	38.0	39.0	40.0	41.0	42.0	43.0	44.0
MCW_CT_ROA_226_R2	11.0	102.0	187.0	221.0	331.0	404.0	499.0	649.0	832.0	1268.0	1665.0	2263.0	3457.0	4583.0	6001.0	7830.0	9658.0	11402.0	13645.0	16040.0	18636.0	22240.0	27152.0	33406.0	41337.0	51390.0	64796.0	80414.0	99715.0	122081.0	150597.0	184288.0	226095.0	276987.0	343918.0	433072.0	562859.0	768560.0	1172207.0	2476634.0	3891154.0	426.0
	10.0	11.0	12.0	13.0	14.0	15.0	16.0	17.0	18.0	19.0	20.0	21.0	22.0	23.0	24.0	25.0	26.0	27.0	28.0	29.0	30.0	31.0	32.0	33.0	34.0	35.0	36.0	37.0	38.0	39.0	40.0	41.0	42.0	43.0	44.0
MCW_CT_ROA_227_R1	1.0	1.0	7.0	5.0	11.0	27.0	57.0	94.0	172.0	327.0	543.0	947.0	1530.0	2452.0	3750.0	5398.0	7811.0	10633.0	14896.0	20110.0	26723.0	36174.0	48417.0	64562.0	85245.0	112745.0	151180.0	203941.0	277941.0	386829.0	557537.0	840110.0	1401324.0	3054993.0	4497271.0
	3.0	4.0	5.0	6.0	7.0	8.0	9.0	10.0	11.0	12.0	13.0	14.0	15.0	16.0	17.0	18.0	19.0	20.0	21.0	22.0	23.0	24.0	25.0	26.0	27.0	28.0	29.0	30.0	31.0	32.0	33.0	34.0	35.0	36.0	37.0	38.0	39.0	40.0	41.0	42.0	43.0	44.0
MCW_CT_ROA_227_R2	21.0	104.0	177.0	236.0	312.0	436.0	622.0	774.0	1047.0	1428.0	1978.0	2745.0	3732.0	4849.0	6164.0	7732.0	9294.0	11008.0	13183.0	15940.0	20041.0	25535.0	32822.0	42524.0	55179.0	71989.0	91033.0	115421.0	143713.0	178900.0	218290.0	265487.0	321641.0	391874.0	478096.0	591989.0	750171.0	995823.0	1443514.0	2682055.0	2815794.0	91.0
	11.0	12.0	13.0	14.0	15.0	16.0	17.0	18.0	19.0	20.0	21.0	22.0	23.0	24.0	25.0	26.0	27.0	28.0	29.0	30.0	31.0	32.0	33.0	34.0	35.0	36.0	37.0	38.0	39.0	40.0	41.0	42.0	43.0	44.0
MCW_CT_ROA_228_R1	2.0	5.0	10.0	23.0	44.0	87.0	193.0	362.0	789.0	1398.0	2477.0	3913.0	6168.0	8735.0	12458.0	16522.0	21415.0	27286.0	34398.0	42344.0	50998.0	61664.0	72982.0	87818.0	104278.0	124897.0	152974.0	190044.0	243989.0	323104.0	453316.0	701415.0	1317541.0	1643139.0
	3.0	4.0	5.0	6.0	7.0	8.0	9.0	10.0	11.0	12.0	13.0	14.0	15.0	16.0	17.0	18.0	19.0	20.0	21.0	22.0	23.0	24.0	25.0	26.0	27.0	28.0	29.0	30.0	31.0	32.0	33.0	34.0	35.0	36.0	37.0	38.0	39.0	40.0	41.0	42.0	43.0	44.0
MCW_CT_ROA_228_R2	16.0	82.0	179.0	242.0	267.0	324.0	387.0	539.0	666.0	884.0	1181.0	1459.0	1938.0	2430.0	3101.0	3751.0	4369.0	5193.0	5992.0	7328.0	8861.0	10990.0	13754.0	17479.0	22195.0	28083.0	35113.0	43710.0	54349.0	67067.0	81746.0	100318.0	122108.0	150123.0	185020.0	233241.0	300753.0	412788.0	624909.0	1301841.0	1851948.0	64.0
	11.0	12.0	13.0	14.0	15.0	16.0	17.0	18.0	19.0	20.0	21.0	22.0	23.0	24.0	25.0	26.0	27.0	28.0	29.0	30.0	31.0	32.0	33.0	34.0	35.0	36.0	37.0	38.0	39.0	40.0	41.0	42.0	43.0	44.0
MCW_CT_ROA_229_R1	5.0	17.0	24.0	48.0	100.0	185.0	362.0	698.0	1418.0	2544.0	4317.0	7085.0	10694.0	15531.0	21863.0	29847.0	40149.0	51737.0	66136.0	83825.0	103999.0	126070.0	152550.0	183871.0	217328.0	259620.0	310250.0	376314.0	465779.0	597998.0	809574.0	1219217.0	2313814.0	3142703.0
	2.0	3.0	4.0	5.0	6.0	7.0	8.0	9.0	10.0	11.0	12.0	13.0	14.0	15.0	16.0	17.0	18.0	19.0	20.0	21.0	22.0	23.0	24.0	25.0	26.0	27.0	28.0	29.0	30.0	31.0	32.0	33.0	34.0	35.0	36.0	37.0	38.0	39.0	40.0	41.0	42.0	43.0	44.0
MCW_CT_ROA_229_R2	1.0	21.0	134.0	268.0	353.0	399.0	579.0	675.0	862.0	1130.0	1420.0	1915.0	2751.0	3741.0	5024.0	6699.0	8406.0	10361.0	12732.0	15386.0	18631.0	23176.0	28947.0	37078.0	47458.0	61677.0	78525.0	98942.0	123101.0	152799.0	186075.0	225695.0	271409.0	323067.0	388270.0	463854.0	563704.0	699949.0	902625.0	1271587.0	2279186.0	2296941.0	119.0
	11.0	12.0	13.0	14.0	15.0	16.0	17.0	18.0	19.0	20.0	21.0	22.0	23.0	24.0	25.0	26.0	27.0	28.0	29.0	30.0	31.0	32.0	33.0	34.0	35.0	36.0	37.0	38.0	39.0	40.0	41.0	42.0	43.0	44.0
MCW_CT_ROA_230_R1	5.0	3.0	23.0	40.0	60.0	128.0	270.0	568.0	1164.0	2084.0	3647.0	6125.0	9486.0	13759.0	19032.0	25794.0	34523.0	44349.0	56473.0	69434.0	83969.0	101764.0	120172.0	142946.0	167578.0	198893.0	236301.0	286260.0	354329.0	454039.0	616321.0	935327.0	1865352.0	2779332.0
	2.0	3.0	4.0	5.0	6.0	7.0	8.0	9.0	10.0	11.0	12.0	13.0	14.0	15.0	16.0	17.0	18.0	19.0	20.0	21.0	22.0	23.0	24.0	25.0	26.0	27.0	28.0	29.0	30.0	31.0	32.0	33.0	34.0	35.0	36.0	37.0	38.0	39.0	40.0	41.0	42.0	43.0	44.0
MCW_CT_ROA_230_R2	2.0	29.0	133.0	235.0	240.0	320.0	443.0	549.0	650.0	943.0	1267.0	1578.0	2094.0	2708.0	3668.0	4371.0	5396.0	6325.0	7540.0	8800.0	10724.0	12612.0	15269.0	19107.0	23829.0	29658.0	37051.0	46596.0	58839.0	72497.0	89603.0	110529.0	136220.0	167368.0	205849.0	257004.0	324812.0	425161.0	582026.0	892510.0	1904714.0	3160194.0	87.0
	10.0	11.0	12.0	13.0	14.0	15.0	16.0	17.0	18.0	19.0	20.0	21.0	22.0	23.0	24.0	25.0	26.0	27.0	28.0	29.0	30.0	31.0	32.0	33.0	34.0	35.0	36.0	37.0	38.0	39.0	40.0	41.0	42.0	43.0	44.0
MCW_CT_ROA_231_R1	1.0	2.0	4.0	5.0	15.0	50.0	131.0	197.0	452.0	914.0	1608.0	2775.0	4457.0	6927.0	10493.0	14408.0	19727.0	26240.0	33686.0	42863.0	53946.0	66243.0	80563.0	97754.0	117522.0	141025.0	169622.0	205607.0	254028.0	319722.0	415083.0	569106.0	864465.0	1703589.0	2381297.0
	2.0	3.0	4.0	5.0	6.0	7.0	8.0	9.0	10.0	11.0	12.0	13.0	14.0	15.0	16.0	17.0	18.0	19.0	20.0	21.0	22.0	23.0	24.0	25.0	26.0	27.0	28.0	29.0	30.0	31.0	32.0	33.0	34.0	35.0	36.0	37.0	38.0	39.0	40.0	41.0	42.0	43.0	44.0
MCW_CT_ROA_231_R2	4.0	33.0	96.0	140.0	180.0	214.0	275.0	362.0	486.0	641.0	837.0	1131.0	1494.0	2032.0	2832.0	3696.0	4625.0	6061.0	7429.0	9372.0	12244.0	15669.0	20578.0	26578.0	35269.0	45492.0	58548.0	74238.0	93032.0	115424.0	140754.0	169200.0	203415.0	242026.0	288858.0	344160.0	414918.0	510495.0	652640.0	906751.0	1593833.0	1598403.0	62.0
	10.0	11.0	12.0	13.0	14.0	15.0	16.0	17.0	18.0	19.0	20.0	21.0	22.0	23.0	24.0	25.0	26.0	27.0	28.0	29.0	30.0	31.0	32.0	33.0	34.0	35.0	36.0	37.0	38.0	39.0	40.0	41.0	42.0	43.0	44.0
MCW_CT_ROA_232_R1	1.0	4.0	10.0	23.0	46.0	101.0	186.0	490.0	928.0	1824.0	3326.0	5898.0	9637.0	14824.0	21300.0	29221.0	39741.0	51650.0	65356.0	80972.0	98623.0	119205.0	138824.0	161963.0	186180.0	214121.0	245005.0	280677.0	326336.0	388266.0	480062.0	635019.0	939642.0	1771376.0	2357059.0
	2.0	3.0	4.0	5.0	6.0	7.0	8.0	9.0	10.0	11.0	12.0	13.0	14.0	15.0	16.0	17.0	18.0	19.0	20.0	21.0	22.0	23.0	24.0	25.0	26.0	27.0	28.0	29.0	30.0	31.0	32.0	33.0	34.0	35.0	36.0	37.0	38.0	39.0	40.0	41.0	42.0	43.0	44.0
MCW_CT_ROA_232_R2	2.0	24.0	121.0	224.0	305.0	403.0	494.0	637.0	790.0	998.0	1325.0	1773.0	2355.0	2911.0	3647.0	4633.0	5820.0	6987.0	8206.0	9686.0	11585.0	14255.0	17519.0	22443.0	28451.0	36307.0	45770.0	57677.0	72668.0	90467.0	111384.0	136334.0	165830.0	201398.0	244346.0	299898.0	373390.0	473753.0	632213.0	932124.0	1867095.0	2781563.0	85.0
	10.0	11.0	12.0	13.0	14.0	15.0	16.0	17.0	18.0	19.0	20.0	21.0	22.0	23.0	24.0	25.0	26.0	27.0	28.0	29.0	30.0	31.0	32.0	33.0	34.0	35.0	36.0	37.0	38.0	39.0	40.0	41.0	42.0	43.0	44.0
MCW_CT_ROA_233_R1	3.0	0.0	7.0	16.0	26.0	48.0	126.0	320.0	616.0	1339.0	2410.0	4225.0	6884.0	10617.0	15471.0	21750.0	28953.0	38318.0	49427.0	62234.0	77176.0	94524.0	115107.0	137859.0	167005.0	201739.0	242827.0	298418.0	370231.0	471984.0	621965.0	866107.0	1346340.0	2646059.0	3532105.0
	2.0	3.0	4.0	5.0	6.0	7.0	8.0	9.0	10.0	11.0	12.0	13.0	14.0	15.0	16.0	17.0	18.0	19.0	20.0	21.0	22.0	23.0	24.0	25.0	26.0	27.0	28.0	29.0	30.0	31.0	32.0	33.0	34.0	35.0	36.0	37.0	38.0	39.0	40.0	41.0	42.0	43.0	44.0
MCW_CT_ROA_233_R2	1.0	8.0	77.0	186.0	223.0	308.0	406.0	577.0	746.0	923.0	1279.0	1866.0	2442.0	3218.0	4300.0	5560.0	6923.0	8731.0	10569.0	12544.0	15322.0	19334.0	24529.0	31799.0	41204.0	53715.0	68821.0	87456.0	110405.0	136401.0	167627.0	204553.0	248248.0	299961.0	360749.0	438004.0	537975.0	679623.0	898238.0	1305198.0	2513240.0	3128791.0	156.0
	11.0	12.0	13.0	14.0	15.0	16.0	17.0	18.0	19.0	20.0	21.0	22.0	23.0	24.0	25.0	26.0	27.0	28.0	29.0	30.0	31.0	32.0	33.0	34.0	35.0	36.0	37.0	38.0	39.0	40.0	41.0	42.0	43.0	44.0
MCW_CT_ROA_236_R1	3.0	14.0	16.0	44.0	95.0	164.0	307.0	684.0	1448.0	2718.0	4851.0	7761.0	12340.0	17816.0	24904.0	33773.0	43890.0	56085.0	69471.0	85490.0	103940.0	124220.0	146530.0	173031.0	203039.0	239751.0	285597.0	343868.0	424870.0	542427.0	726727.0	1085476.0	2077242.0	2924814.0
	2.0	3.0	4.0	5.0	6.0	7.0	8.0	9.0	10.0	11.0	12.0	13.0	14.0	15.0	16.0	17.0	18.0	19.0	20.0	21.0	22.0	23.0	24.0	25.0	26.0	27.0	28.0	29.0	30.0	31.0	32.0	33.0	34.0	35.0	36.0	37.0	38.0	39.0	40.0	41.0	42.0	43.0	44.0
MCW_CT_ROA_236_R2	1.0	32.0	183.0	344.0	466.0	561.0	747.0	935.0	1161.0	1499.0	1930.0	2506.0	3371.0	4296.0	5272.0	6537.0	7982.0	9653.0	11171.0	13422.0	16223.0	19905.0	25241.0	32210.0	41451.0	53142.0	67280.0	84668.0	104967.0	129360.0	157247.0	189464.0	226592.0	270138.0	322484.0	387586.0	470051.0	584624.0	766312.0	1096339.0	2087413.0	2558521.0	119.0
	10.0	11.0	12.0	13.0	14.0	15.0	16.0	17.0	18.0	19.0	20.0	21.0	22.0	23.0	24.0	25.0	26.0	27.0	28.0	29.0	30.0	31.0	32.0	33.0	34.0	35.0	36.0	37.0	38.0	39.0	40.0	41.0	42.0	43.0	44.0
MCW_CT_ROA_238_R1	1.0	6.0	8.0	25.0	62.0	113.0	215.0	483.0	976.0	1918.0	3430.0	6157.0	9861.0	15358.0	22824.0	31790.0	43844.0	59064.0	76990.0	97924.0	122095.0	148904.0	178377.0	211095.0	245998.0	284986.0	326230.0	376298.0	438086.0	514464.0	624322.0	792548.0	1113188.0	1998077.0	2614790.0
	3.0	4.0	5.0	6.0	7.0	8.0	9.0	10.0	11.0	12.0	13.0	14.0	15.0	16.0	17.0	18.0	19.0	20.0	21.0	22.0	23.0	24.0	25.0	26.0	27.0	28.0	29.0	30.0	31.0	32.0	33.0	34.0	35.0	36.0	37.0	38.0	39.0	40.0	41.0	42.0	43.0	44.0
MCW_CT_ROA_238_R2	21.0	127.0	258.0	336.0	395.0	467.0	643.0	806.0	1009.0	1404.0	1739.0	2329.0	3048.0	3886.0	4934.0	6020.0	7669.0	8995.0	11066.0	13497.0	16560.0	20954.0	27000.0	35164.0	45538.0	58339.0	74836.0	94365.0	118007.0	146017.0	177536.0	216388.0	262513.0	316486.0	384089.0	472392.0	593321.0	777107.0	1121902.0	2165476.0	3167754.0	114.0
	9.0	10.0	11.0	12.0	13.0	14.0	15.0	16.0	17.0	18.0	19.0	20.0	21.0	22.0	23.0	24.0	25.0	26.0	27.0	28.0	29.0	30.0	31.0	32.0	33.0	34.0	35.0	36.0	37.0	38.0	39.0	40.0	41.0	42.0	43.0	44.0
MCW_CT_ROA_239_R1	1.0	2.0	5.0	13.0	22.0	54.0	106.0	215.0	405.0	849.0	1617.0	3147.0	5251.0	8741.0	13360.0	19713.0	27946.0	37966.0	50415.0	66406.0	84526.0	106709.0	131953.0	161368.0	195217.0	233437.0	275499.0	326176.0	386153.0	458904.0	553768.0	688572.0	896619.0	1294090.0	2358809.0	3026353.0
	2.0	3.0	4.0	5.0	6.0	7.0	8.0	9.0	10.0	11.0	12.0	13.0	14.0	15.0	16.0	17.0	18.0	19.0	20.0	21.0	22.0	23.0	24.0	25.0	26.0	27.0	28.0	29.0	30.0	31.0	32.0	33.0	34.0	35.0	36.0	37.0	38.0	39.0	40.0	41.0	42.0	43.0	44.0
MCW_CT_ROA_239_R2	1.0	28.0	133.0	264.0	342.0	448.0	587.0	752.0	903.0	1255.0	1571.0	2203.0	2883.0	3901.0	5270.0	6839.0	8616.0	10390.0	12681.0	15252.0	18660.0	23248.0	29225.0	37176.0	48547.0	62021.0	79453.0	100782.0	126222.0	156886.0	192756.0	234171.0	280447.0	336247.0	402029.0	484503.0	585463.0	725798.0	937029.0	1320192.0	2419406.0	2739658.0	149.0
	10.0	11.0	12.0	13.0	14.0	15.0	16.0	17.0	18.0	19.0	20.0	21.0	22.0	23.0	24.0	25.0	26.0	27.0	28.0	29.0	30.0	31.0	32.0	33.0	34.0	35.0	36.0	37.0	38.0	39.0	40.0	41.0	42.0	43.0	44.0
MCW_CT_ROA_243_R1	1.0	2.0	16.0	40.0	95.0	170.0	304.0	576.0	1099.0	2060.0	3776.0	6407.0	9982.0	15272.0	22342.0	31050.0	42585.0	56081.0	72259.0	90731.0	112704.0	136925.0	164407.0	194598.0	228605.0	266756.0	310405.0	361966.0	429899.0	517157.0	642642.0	840931.0	1221084.0	2233437.0	2907557.0
	2.0	3.0	4.0	5.0	6.0	7.0	8.0	9.0	10.0	11.0	12.0	13.0	14.0	15.0	16.0	17.0	18.0	19.0	20.0	21.0	22.0	23.0	24.0	25.0	26.0	27.0	28.0	29.0	30.0	31.0	32.0	33.0	34.0	35.0	36.0	37.0	38.0	39.0	40.0	41.0	42.0	43.0	44.0
MCW_CT_ROA_243_R2	3.0	54.0	255.0	428.0	569.0	677.0	881.0	1039.0	1287.0	1625.0	2165.0	2762.0	3486.0	4412.0	5726.0	6948.0	8597.0	10199.0	11893.0	14074.0	16493.0	19676.0	23181.0	28514.0	35298.0	43423.0	53989.0	66903.0	83675.0	102955.0	126230.0	154969.0	190337.0	231786.0	286537.0	354502.0	444532.0	576459.0	781599.0	1176211.0	2419115.0	3630333.0	124.0
	10.0	11.0	12.0	13.0	14.0	15.0	16.0	17.0	18.0	19.0	20.0	21.0	22.0	23.0	24.0	25.0	26.0	27.0	28.0	29.0	30.0	31.0	32.0	33.0	34.0	35.0	36.0	37.0	38.0	39.0	40.0	41.0	42.0	43.0	44.0
MCW_CT_ROA_245_R1	1.0	1.0	6.0	11.0	29.0	40.0	84.0	138.0	271.0	475.0	755.0	1218.0	1967.0	2824.0	3996.0	5540.0	7567.0	10101.0	13314.0	17389.0	22662.0	29686.0	38794.0	50641.0	65552.0	85731.0	113215.0	151894.0	207852.0	292528.0	429868.0	670862.0	1185497.0	2859640.0	4559237.0
	2.0	3.0	4.0	5.0	6.0	7.0	8.0	9.0	10.0	11.0	12.0	13.0	14.0	15.0	16.0	17.0	18.0	19.0	20.0	21.0	22.0	23.0	24.0	25.0	26.0	27.0	28.0	29.0	30.0	31.0	32.0	33.0	34.0	35.0	36.0	37.0	38.0	39.0	40.0	41.0	42.0	43.0	44.0
MCW_CT_ROA_245_R2	1.0	23.0	118.0	237.0	365.0	470.0	587.0	736.0	912.0	1325.0	1722.0	2432.0	3278.0	4526.0	5863.0	7436.0	9050.0	10845.0	12783.0	14630.0	16605.0	19240.0	22592.0	26483.0	32490.0	40057.0	49135.0	60409.0	73911.0	89891.0	111193.0	136010.0	166177.0	202802.0	250114.0	312306.0	395199.0	522434.0	731270.0	1146994.0	2515445.0	3831196.0	94.0
	11.0	12.0	13.0	14.0	15.0	16.0	17.0	18.0	19.0	20.0	21.0	22.0	23.0	24.0	25.0	26.0	27.0	28.0	29.0	30.0	31.0	32.0	33.0	34.0	35.0	36.0	37.0	38.0	39.0	40.0	41.0	42.0	43.0	44.0
MCW_CT_ROA_246_R1	1.0	10.0	15.0	28.0	73.0	113.0	197.0	396.0	744.0	1316.0	2209.0	3559.0	5305.0	7908.0	11163.0	15343.0	20701.0	27497.0	35684.0	46311.0	59744.0	76004.0	96683.0	123663.0	158173.0	206090.0	267062.0	355348.0	477491.0	666030.0	972019.0	1578138.0	3204790.0	4255889.0
	2.0	3.0	4.0	5.0	6.0	7.0	8.0	9.0	10.0	11.0	12.0	13.0	14.0	15.0	16.0	17.0	18.0	19.0	20.0	21.0	22.0	23.0	24.0	25.0	26.0	27.0	28.0	29.0	30.0	31.0	32.0	33.0	34.0	35.0	36.0	37.0	38.0	39.0	40.0	41.0	42.0	43.0	44.0
MCW_CT_ROA_246_R2	2.0	23.0	113.0	287.0	383.0	457.0	673.0	786.0	1059.0	1397.0	1880.0	2566.0	3493.0	4606.0	5988.0	7688.0	9291.0	11098.0	13110.0	15380.0	18014.0	21122.0	25270.0	31105.0	38887.0	48518.0	60475.0	75265.0	94040.0	116227.0	142602.0	174363.0	212098.0	260485.0	319251.0	394899.0	499583.0	649716.0	893634.0	1374876.0	2897511.0	4247307.0	169.0
	9.0	10.0	11.0	12.0	13.0	14.0	15.0	16.0	17.0	18.0	19.0	20.0	21.0	22.0	23.0	24.0	25.0	26.0	27.0	28.0	29.0	30.0	31.0	32.0	33.0	34.0	35.0	36.0	37.0	38.0	39.0	40.0	41.0	42.0	43.0	44.0
MCW_CT_ROA_247_R1	1.0	0.0	3.0	8.0	29.0	54.0	86.0	202.0	373.0	609.0	1224.0	2161.0	3718.0	5938.0	9088.0	13590.0	19271.0	26572.0	35649.0	46767.0	59892.0	75700.0	93718.0	114195.0	138875.0	166342.0	197961.0	237985.0	287927.0	353789.0	444831.0	584870.0	814286.0	1279223.0	2679649.0	3938449.0
	2.0	3.0	4.0	5.0	6.0	7.0	8.0	9.0	10.0	11.0	12.0	13.0	14.0	15.0	16.0	17.0	18.0	19.0	20.0	21.0	22.0	23.0	24.0	25.0	26.0	27.0	28.0	29.0	30.0	31.0	32.0	33.0	34.0	35.0	36.0	37.0	38.0	39.0	40.0	41.0	42.0	43.0	44.0
MCW_CT_ROA_247_R2	1.0	43.0	227.0	471.0	662.0	866.0	1032.0	1284.0	1595.0	2206.0	2881.0	3656.0	4911.0	6452.0	8593.0	10659.0	12960.0	15660.0	18620.0	22028.0	26370.0	31848.0	38979.0	48763.0	61003.0	76546.0	96206.0	119338.0	146305.0	177596.0	214649.0	255478.0	302940.0	359504.0	425469.0	505049.0	607938.0	746313.0	957138.0	1340152.0	2398529.0	2581997.0	118.0
	10.0	11.0	12.0	13.0	14.0	15.0	16.0	17.0	18.0	19.0	20.0	21.0	22.0	23.0	24.0	25.0	26.0	27.0	28.0	29.0	30.0	31.0	32.0	33.0	34.0	35.0	36.0	37.0	38.0	39.0	40.0	41.0	42.0	43.0	44.0
MCW_CT_ROA_249_R1	3.0	7.0	12.0	25.0	60.0	110.0	232.0	493.0	1012.0	1805.0	3316.0	5909.0	9529.0	14413.0	20706.0	29560.0	39456.0	52760.0	66794.0	84888.0	104988.0	127506.0	153441.0	181253.0	212504.0	248753.0	290034.0	339591.0	400015.0	480755.0	595512.0	775783.0	1111239.0	1960699.0	2472969.0
	2.0	3.0	4.0	5.0	6.0	7.0	8.0	9.0	10.0	11.0	12.0	13.0	14.0	15.0	16.0	17.0	18.0	19.0	20.0	21.0	22.0	23.0	24.0	25.0	26.0	27.0	28.0	29.0	30.0	31.0	32.0	33.0	34.0	35.0	36.0	37.0	38.0	39.0	40.0	41.0	42.0	43.0	44.0
MCW_CT_ROA_249_R2	2.0	62.0	272.0	444.0	582.0	701.0	929.0	1124.0	1498.0	1868.0	2330.0	3174.0	4276.0	5457.0	6919.0	8652.0	10570.0	12421.0	14381.0	17148.0	19525.0	23587.0	28673.0	35326.0	44508.0	55829.0	69636.0	86854.0	107144.0	130667.0	159239.0	190109.0	227900.0	272255.0	327722.0	391456.0	475913.0	594297.0	773396.0	1105300.0	2073260.0	2500580.0	146.0
	10.0	11.0	12.0	13.0	14.0	15.0	16.0	17.0	18.0	19.0	20.0	21.0	22.0	23.0	24.0	25.0	26.0	27.0	28.0	29.0	30.0	31.0	32.0	33.0	34.0	35.0	36.0	37.0	38.0	39.0	40.0	41.0	42.0	43.0	44.0
MCW_CT_ROA_254_R1	1.0	6.0	16.0	29.0	43.0	89.0	168.0	340.0	669.0	1293.0	2382.0	4070.0	6546.0	10003.0	14545.0	20577.0	27783.0	36664.0	46608.0	58583.0	72864.0	88254.0	105343.0	125734.0	147627.0	170871.0	199815.0	234583.0	276267.0	333541.0	414912.0	545603.0	785108.0	1442035.0	1956674.0
	2.0	3.0	4.0	5.0	6.0	7.0	8.0	9.0	10.0	11.0	12.0	13.0	14.0	15.0	16.0	17.0	18.0	19.0	20.0	21.0	22.0	23.0	24.0	25.0	26.0	27.0	28.0	29.0	30.0	31.0	32.0	33.0	34.0	35.0	36.0	37.0	38.0	39.0	40.0	41.0	42.0	43.0	44.0
MCW_CT_ROA_254_R2	2.0	19.0	165.0	306.0	421.0	501.0	610.0	767.0	959.0	1204.0	1526.0	2008.0	2613.0	3308.0	4160.0	4992.0	6006.0	7068.0	8121.0	9568.0	11040.0	13349.0	16135.0	20061.0	25171.0	31617.0	39621.0	49703.0	62094.0	76476.0	94018.0	113243.0	137718.0	167836.0	203314.0	247642.0	307240.0	391455.0	521005.0	771505.0	1548819.0	2226175.0	85.0
	10.0	11.0	12.0	13.0	14.0	15.0	16.0	17.0	18.0	19.0	20.0	21.0	22.0	23.0	24.0	25.0	26.0	27.0	28.0	29.0	30.0	31.0	32.0	33.0	34.0	35.0	36.0	37.0	38.0	39.0	40.0	41.0	42.0	43.0	44.0
MCW_CT_ROA_78_R1	2.0	2.0	6.0	22.0	31.0	82.0	195.0	352.0	757.0	1580.0	2818.0	4830.0	7345.0	11370.0	16157.0	22303.0	30166.0	39933.0	51363.0	65403.0	81435.0	100834.0	123600.0	149975.0	178781.0	213048.0	255459.0	306936.0	373971.0	462785.0	591774.0	801674.0	1217769.0	2236203.0	1175603.0
	3.0	4.0	5.0	6.0	7.0	8.0	9.0	10.0	11.0	12.0	13.0	14.0	15.0	16.0	17.0	18.0	19.0	20.0	21.0	22.0	23.0	24.0	25.0	26.0	27.0	28.0	29.0	30.0	31.0	32.0	33.0	34.0	35.0	36.0	37.0	38.0	39.0	40.0	41.0	42.0	43.0	44.0
MCW_CT_ROA_78_R2	31.0	129.0	224.0	291.0	416.0	606.0	720.0	934.0	1326.0	1844.0	2352.0	3075.0	4157.0	5360.0	6896.0	8628.0	10348.0	12228.0	14575.0	17130.0	20693.0	25048.0	31268.0	39230.0	48802.0	60893.0	76109.0	93426.0	115466.0	140531.0	169600.0	204542.0	245338.0	293851.0	354268.0	430964.0	539527.0	703450.0	999350.0	1829398.0	2010666.0	874.0
	10.0	11.0	12.0	13.0	14.0	15.0	16.0	17.0	18.0	19.0	20.0	21.0	22.0	23.0	24.0	25.0	26.0	27.0	28.0	29.0	30.0	31.0	32.0	33.0	34.0	35.0	36.0	37.0	38.0	39.0	40.0	41.0	42.0	43.0	44.0
MCW_CT_ROA_79_R1	3.0	2.0	8.0	32.0	86.0	150.0	351.0	652.0	1261.0	2373.0	4033.0	6646.0	10389.0	15252.0	21970.0	30907.0	42859.0	57337.0	75974.0	98550.0	127069.0	159168.0	197732.0	243143.0	295726.0	358846.0	433445.0	527431.0	649059.0	817313.0	1072726.0	1498695.0	2419439.0	5277724.0	2788246.0
	2.0	3.0	4.0	5.0	6.0	7.0	8.0	9.0	10.0	11.0	12.0	13.0	14.0	15.0	16.0	17.0	18.0	19.0	20.0	21.0	22.0	23.0	24.0	25.0	26.0	27.0	28.0	29.0	30.0	31.0	32.0	33.0	34.0	35.0	36.0	37.0	38.0	39.0	40.0	41.0	42.0	43.0	44.0
MCW_CT_ROA_79_R2	7.0	96.0	496.0	879.0	1255.0	1782.0	2295.0	3181.0	4078.0	5413.0	7470.0	9400.0	12250.0	16109.0	20216.0	24177.0	28780.0	33741.0	38423.0	43784.0	49326.0	55274.0	64067.0	75181.0	89746.0	107998.0	131507.0	159218.0	191740.0	232339.0	279370.0	333236.0	396185.0	470554.0	560823.0	672605.0	819346.0	1019819.0	1331274.0	1908344.0	3619665.0	4411712.0	1436.0
	10.0	11.0	12.0	13.0	14.0	15.0	16.0	17.0	18.0	19.0	20.0	21.0	22.0	23.0	24.0	25.0	26.0	27.0	28.0	29.0	30.0	31.0	32.0	33.0	34.0	35.0	36.0	37.0	38.0	39.0	40.0	41.0	42.0	43.0	44.0
MCW_CT_ROA_80_R1	2.0	6.0	23.0	61.0	122.0	240.0	493.0	1003.0	1878.0	3090.0	5462.0	8661.0	13367.0	19640.0	28038.0	38844.0	52151.0	69518.0	88572.0	113180.0	139053.0	167518.0	199004.0	234223.0	269115.0	308517.0	353288.0	405451.0	471095.0	558114.0	689314.0	916291.0	1414165.0	2938715.0	1576238.0
	2.0	3.0	4.0	5.0	6.0	7.0	8.0	9.0	10.0	11.0	12.0	13.0	14.0	15.0	16.0	17.0	18.0	19.0	20.0	21.0	22.0	23.0	24.0	25.0	26.0	27.0	28.0	29.0	30.0	31.0	32.0	33.0	34.0	35.0	36.0	37.0	38.0	39.0	40.0	41.0	42.0	43.0	44.0
MCW_CT_ROA_80_R2	6.0	47.0	233.0	428.0	590.0	779.0	1087.0	1386.0	1819.0	2339.0	3055.0	4017.0	5239.0	6546.0	8482.0	10608.0	13205.0	16482.0	19763.0	23320.0	27950.0	33253.0	40193.0	49160.0	60953.0	76655.0	94852.0	117243.0	143538.0	176132.0	213783.0	256075.0	304678.0	362174.0	429732.0	510752.0	613304.0	748715.0	950996.0	1305704.0	2246735.0	2201705.0	739.0
	10.0	11.0	12.0	13.0	14.0	15.0	16.0	17.0	18.0	19.0	20.0	21.0	22.0	23.0	24.0	25.0	26.0	27.0	28.0	29.0	30.0	31.0	32.0	33.0	34.0	35.0	36.0	37.0	38.0	39.0	40.0	41.0	42.0	43.0	44.0
MCW_CT_ROA_81_R1	1.0	3.0	13.0	24.0	55.0	132.0	296.0	555.0	1220.0	2477.0	4288.0	7453.0	11588.0	17553.0	25080.0	34887.0	47187.0	62169.0	79438.0	99400.0	122859.0	147938.0	177252.0	209058.0	244606.0	285582.0	333616.0	394681.0	469051.0	569772.0	711685.0	944470.0	1398875.0	2529832.0	1372081.0
	2.0	3.0	4.0	5.0	6.0	7.0	8.0	9.0	10.0	11.0	12.0	13.0	14.0	15.0	16.0	17.0	18.0	19.0	20.0	21.0	22.0	23.0	24.0	25.0	26.0	27.0	28.0	29.0	30.0	31.0	32.0	33.0	34.0	35.0	36.0	37.0	38.0	39.0	40.0	41.0	42.0	43.0	44.0
MCW_CT_ROA_81_R2	5.0	87.0	337.0	565.0	746.0	1026.0	1434.0	1896.0	2702.0	3365.0	4527.0	5998.0	7655.0	9837.0	12140.0	14013.0	16727.0	19072.0	21372.0	23680.0	26918.0	30832.0	35715.0	42774.0	52153.0	62482.0	76637.0	93271.0	113220.0	137342.0	165048.0	198024.0	236485.0	283161.0	338379.0	408773.0	498534.0	619848.0	811355.0	1161056.0	2171735.0	2593314.0	937.0
	12.0	13.0	14.0	15.0	16.0	17.0	18.0	19.0	20.0	21.0	22.0	23.0	24.0	25.0	26.0	27.0	28.0	29.0	30.0	31.0	32.0	33.0	34.0	35.0	36.0	37.0	38.0	39.0	40.0	41.0	42.0	43.0	44.0
MCW_CT_ROA_83_R1	5.0	8.0	25.0	72.0	159.0	266.0	511.0	898.0	1578.0	2546.0	3956.0	5888.0	8530.0	11917.0	16456.0	22397.0	30120.0	40010.0	52858.0	69521.0	89725.0	116853.0	151703.0	196401.0	255193.0	335387.0	446788.0	606741.0	852800.0	1268427.0	2140680.0	4713741.0	2433795.0
	2.0	3.0	4.0	5.0	6.0	7.0	8.0	9.0	10.0	11.0	12.0	13.0	14.0	15.0	16.0	17.0	18.0	19.0	20.0	21.0	22.0	23.0	24.0	25.0	26.0	27.0	28.0	29.0	30.0	31.0	32.0	33.0	34.0	35.0	36.0	37.0	38.0	39.0	40.0	41.0	42.0	43.0	44.0
MCW_CT_ROA_83_R2	4.0	95.0	408.0	663.0	946.0	1236.0	1768.0	2522.0	3302.0	4695.0	6310.0	8433.0	11242.0	14514.0	18107.0	21719.0	25218.0	28677.0	31898.0	35813.0	39045.0	43543.0	49849.0	57839.0	69066.0	81737.0	98349.0	118959.0	142384.0	172301.0	207148.0	249106.0	298433.0	358247.0	432310.0	524746.0	646730.0	823751.0	1093283.0	1598403.0	3054239.0	3497906.0	1011.0
	9.0	10.0	11.0	12.0	13.0	14.0	15.0	16.0	17.0	18.0	19.0	20.0	21.0	22.0	23.0	24.0	25.0	26.0	27.0	28.0	29.0	30.0	31.0	32.0	33.0	34.0	35.0	36.0	37.0	38.0	39.0	40.0	41.0	42.0	43.0	44.0
MCW_CT_ROA_84_R1	1.0	0.0	4.0	8.0	21.0	51.0	105.0	201.0	450.0	834.0	1423.0	2310.0	3961.0	6141.0	8957.0	13149.0	18389.0	25036.0	33441.0	43948.0	55785.0	70269.0	88239.0	108739.0	131789.0	161504.0	196842.0	240228.0	298349.0	374866.0	481858.0	641225.0	904562.0	1430289.0	2732882.0	1392759.0
	2.0	3.0	4.0	5.0	6.0	7.0	8.0	9.0	10.0	11.0	12.0	13.0	14.0	15.0	16.0	17.0	18.0	19.0	20.0	21.0	22.0	23.0	24.0	25.0	26.0	27.0	28.0	29.0	30.0	31.0	32.0	33.0	34.0	35.0	36.0	37.0	38.0	39.0	40.0	41.0	42.0	43.0	44.0
MCW_CT_ROA_84_R2	1.0	46.0	186.0	363.0	492.0	647.0	830.0	1096.0	1412.0	1860.0	2316.0	3083.0	3882.0	4818.0	6068.0	7260.0	8555.0	10044.0	11555.0	13424.0	15626.0	18173.0	20906.0	24733.0	29474.0	35530.0	42835.0	52582.0	64662.0	79096.0	97180.0	118996.0	144354.0	178995.0	222434.0	278776.0	357043.0	469483.0	654991.0	1022755.0	2200041.0	3260786.0	1226.0
	10.0	11.0	12.0	13.0	14.0	15.0	16.0	17.0	18.0	19.0	20.0	21.0	22.0	23.0	24.0	25.0	26.0	27.0	28.0	29.0	30.0	31.0	32.0	33.0	34.0	35.0	36.0	37.0	38.0	39.0	40.0	41.0	42.0	43.0	44.0
MCW_CT_ROA_85_R1	3.0	14.0	20.0	81.0	170.0	355.0	634.0	1265.0	2267.0	4157.0	6998.0	11510.0	17557.0	25842.0	36860.0	52382.0	70336.0	94541.0	122281.0	154491.0	193821.0	237394.0	283873.0	336034.0	392694.0	455920.0	527349.0	615376.0	724698.0	874654.0	1097388.0	1477549.0	2300613.0	4994175.0	2758132.0
	2.0	3.0	4.0	5.0	6.0	7.0	8.0	9.0	10.0	11.0	12.0	13.0	14.0	15.0	16.0	17.0	18.0	19.0	20.0	21.0	22.0	23.0	24.0	25.0	26.0	27.0	28.0	29.0	30.0	31.0	32.0	33.0	34.0	35.0	36.0	37.0	38.0	39.0	40.0	41.0	42.0	43.0	44.0
MCW_CT_ROA_85_R2	5.0	124.0	635.0	1118.0	1595.0	2042.0	2826.0	3913.0	5031.0	6603.0	8668.0	11236.0	14625.0	18395.0	23200.0	28332.0	33886.0	39458.0	45088.0	50980.0	57801.0	65237.0	76274.0	89604.0	106919.0	128611.0	156548.0	189736.0	229304.0	274336.0	328264.0	389276.0	460671.0	545833.0	643976.0	764499.0	918693.0	1129041.0	1448162.0	2020568.0	3619221.0	3929804.0	1296.0
	11.0	12.0	13.0	14.0	15.0	16.0	17.0	18.0	19.0	20.0	21.0	22.0	23.0	24.0	25.0	26.0	27.0	28.0	29.0	30.0	31.0	32.0	33.0	34.0	35.0	36.0	37.0	38.0	39.0	40.0	41.0	42.0	43.0	44.0
MCW_CT_ROA_86_R1	4.0	10.0	15.0	49.0	86.0	220.0	447.0	857.0	1598.0	2711.0	4621.0	7128.0	10778.0	15299.0	21192.0	28407.0	36457.0	46610.0	58425.0	72600.0	87903.0	107375.0	127811.0	153392.0	183475.0	219589.0	265267.0	324666.0	406311.0	522287.0	707388.0	1048362.0	1755634.0	914402.0
	2.0	3.0	4.0	5.0	6.0	7.0	8.0	9.0	10.0	11.0	12.0	13.0	14.0	15.0	16.0	17.0	18.0	19.0	20.0	21.0	22.0	23.0	24.0	25.0	26.0	27.0	28.0	29.0	30.0	31.0	32.0	33.0	34.0	35.0	36.0	37.0	38.0	39.0	40.0	41.0	42.0	43.0	44.0
MCW_CT_ROA_86_R2	3.0	76.0	327.0	461.0	617.0	824.0	1119.0	1590.0	2049.0	2742.0	3580.0	4768.0	6286.0	8004.0	9824.0	11825.0	13874.0	15869.0	17926.0	19895.0	22069.0	25044.0	28782.0	33537.0	39494.0	47757.0	56600.0	67876.0	82497.0	97801.0	116403.0	139739.0	165231.0	197449.0	235305.0	283303.0	347740.0	434722.0	571511.0	820669.0	1532716.0	1662744.0	728.0
	10.0	11.0	12.0	13.0	14.0	15.0	16.0	17.0	18.0	19.0	20.0	21.0	22.0	23.0	24.0	25.0	26.0	27.0	28.0	29.0	30.0	31.0	32.0	33.0	34.0	35.0	36.0	37.0	38.0	39.0	40.0	41.0	42.0	43.0	44.0
MCW_CT_ROA_87_R1	1.0	4.0	8.0	28.0	39.0	96.0	195.0	405.0	789.0	1382.0	2474.0	4172.0	6455.0	9837.0	14173.0	20135.0	27303.0	36947.0	49579.0	64559.0	82009.0	105070.0	132188.0	165110.0	205863.0	255986.0	319162.0	399272.0	501933.0	640153.0	834269.0	1137256.0	1704595.0	2892502.0	1383491.0
	2.0	3.0	4.0	5.0	6.0	7.0	8.0	9.0	10.0	11.0	12.0	13.0	14.0	15.0	16.0	17.0	18.0	19.0	20.0	21.0	22.0	23.0	24.0	25.0	26.0	27.0	28.0	29.0	30.0	31.0	32.0	33.0	34.0	35.0	36.0	37.0	38.0	39.0	40.0	41.0	42.0	43.0	44.0
MCW_CT_ROA_87_R2	5.0	83.0	338.0	529.0	765.0	976.0	1424.0	1974.0	2650.0	3559.0	4925.0	6244.0	8160.0	10224.0	12807.0	15043.0	17633.0	19902.0	22127.0	24319.0	27503.0	30988.0	35299.0	41486.0	49273.0	58521.0	70206.0	84365.0	100914.0	121935.0	146637.0	176882.0	212970.0	257365.0	313387.0	383849.0	478293.0	616247.0	831218.0	1237689.0	2434246.0	3133336.0	1144.0
	10.0	11.0	12.0	13.0	14.0	15.0	16.0	17.0	18.0	19.0	20.0	21.0	22.0	23.0	24.0	25.0	26.0	27.0	28.0	29.0	30.0	31.0	32.0	33.0	34.0	35.0	36.0	37.0	38.0	39.0	40.0	41.0	42.0	43.0	44.0
MCW_CT_ROA_88_R1	1.0	4.0	7.0	15.0	20.0	62.0	137.0	242.0	437.0	854.0	1475.0	2367.0	3560.0	5371.0	7551.0	10197.0	13868.0	18308.0	23995.0	30540.0	38779.0	48560.0	60841.0	75856.0	94796.0	118192.0	149013.0	191038.0	246173.0	326431.0	442834.0	628337.0	974355.0	1717701.0	906602.0
	2.0	3.0	4.0	5.0	6.0	7.0	8.0	9.0	10.0	11.0	12.0	13.0	14.0	15.0	16.0	17.0	18.0	19.0	20.0	21.0	22.0	23.0	24.0	25.0	26.0	27.0	28.0	29.0	30.0	31.0	32.0	33.0	34.0	35.0	36.0	37.0	38.0	39.0	40.0	41.0	42.0	43.0	44.0
MCW_CT_ROA_88_R2	2.0	48.0	214.0	327.0	481.0	643.0	864.0	1147.0	1499.0	2148.0	2903.0	3984.0	5511.0	7142.0	9288.0	11303.0	13495.0	15377.0	17568.0	19908.0	21769.0	24175.0	27334.0	31005.0	36620.0	43750.0	52381.0	62711.0	75065.0	90469.0	108570.0	129479.0	154027.0	184400.0	220497.0	265770.0	325778.0	408754.0	532059.0	750970.0	1314881.0	1163759.0	444.0
	11.0	12.0	13.0	14.0	15.0	16.0	17.0	18.0	19.0	20.0	21.0	22.0	23.0	24.0	25.0	26.0	27.0	28.0	29.0	30.0	31.0	32.0	33.0	34.0	35.0	36.0	37.0	38.0	39.0	40.0	41.0	42.0	43.0	44.0
MCW_CT_ROA_89_R1	2.0	6.0	14.0	35.0	82.0	159.0	333.0	591.0	1077.0	1827.0	2999.0	4929.0	7285.0	10793.0	15737.0	22410.0	30807.0	40926.0	54985.0	72497.0	94058.0	121123.0	153044.0	194667.0	246210.0	308863.0	389218.0	491876.0	629504.0	821438.0	1113938.0	1656865.0	2728690.0	1261534.0
	2.0	3.0	4.0	5.0	6.0	7.0	8.0	9.0	10.0	11.0	12.0	13.0	14.0	15.0	16.0	17.0	18.0	19.0	20.0	21.0	22.0	23.0	24.0	25.0	26.0	27.0	28.0	29.0	30.0	31.0	32.0	33.0	34.0	35.0	36.0	37.0	38.0	39.0	40.0	41.0	42.0	43.0	44.0
MCW_CT_ROA_89_R2	2.0	69.0	302.0	551.0	715.0	1033.0	1390.0	1967.0	2609.0	3505.0	4616.0	6093.0	8356.0	10195.0	12706.0	15013.0	17372.0	19346.0	22203.0	24554.0	27455.0	31661.0	36607.0	42811.0	50854.0	60615.0	72981.0	88444.0	105665.0	126611.0	151369.0	182057.0	218283.0	261857.0	317332.0	387315.0	480652.0	615657.0	824489.0	1214126.0	2338201.0	2689838.0	1045.0
	10.0	11.0	12.0	13.0	14.0	15.0	16.0	17.0	18.0	19.0	20.0	21.0	22.0	23.0	24.0	25.0	26.0	27.0	28.0	29.0	30.0	31.0	32.0	33.0	34.0	35.0	36.0	37.0	38.0	39.0	40.0	41.0	42.0	43.0	44.0
MCW_CT_ROA_94_R1	1.0	1.0	8.0	35.0	55.0	111.0	248.0	506.0	985.0	1914.0	3291.0	5565.0	8609.0	12814.0	17746.0	24483.0	32581.0	41970.0	52083.0	64224.0	78929.0	93292.0	111754.0	131587.0	154369.0	182139.0	216758.0	259427.0	318241.0	398622.0	519768.0	715439.0	1098061.0	1886331.0	967850.0
	2.0	3.0	4.0	5.0	6.0	7.0	8.0	9.0	10.0	11.0	12.0	13.0	14.0	15.0	16.0	17.0	18.0	19.0	20.0	21.0	22.0	23.0	24.0	25.0	26.0	27.0	28.0	29.0	30.0	31.0	32.0	33.0	34.0	35.0	36.0	37.0	38.0	39.0	40.0	41.0	42.0	43.0	44.0
MCW_CT_ROA_94_R2	3.0	65.0	245.0	380.0	522.0	741.0	970.0	1274.0	1663.0	2205.0	2897.0	3794.0	4779.0	5983.0	7553.0	9077.0	10371.0	11766.0	13324.0	15144.0	16888.0	19350.0	21905.0	25823.0	30718.0	36829.0	44091.0	52871.0	63513.0	76372.0	91710.0	110666.0	134111.0	161209.0	196479.0	241892.0	303286.0	390096.0	533887.0	806019.0	1655340.0	2293044.0	942.0
	10.0	11.0	12.0	13.0	14.0	15.0	16.0	17.0	18.0	19.0	20.0	21.0	22.0	23.0	24.0	25.0	26.0	27.0	28.0	29.0	30.0	31.0	32.0	33.0	34.0	35.0	36.0	37.0	38.0	39.0	40.0	41.0	42.0	43.0	44.0
MCW_CT_ROA_95_R1	1.0	7.0	7.0	12.0	32.0	44.0	155.0	270.0	515.0	1139.0	1921.0	3249.0	4950.0	7725.0	11090.0	15550.0	21731.0	29162.0	37667.0	49309.0	62794.0	78686.0	99037.0	122193.0	151744.0	187853.0	232846.0	290142.0	367008.0	470728.0	624534.0	870963.0	1356963.0	2699470.0	1449177.0
	2.0	3.0	4.0	5.0	6.0	7.0	8.0	9.0	10.0	11.0	12.0	13.0	14.0	15.0	16.0	17.0	18.0	19.0	20.0	21.0	22.0	23.0	24.0	25.0	26.0	27.0	28.0	29.0	30.0	31.0	32.0	33.0	34.0	35.0	36.0	37.0	38.0	39.0	40.0	41.0	42.0	43.0	44.0
MCW_CT_ROA_95_R2	4.0	86.0	271.0	498.0	676.0	912.0	1311.0	1869.0	2493.0	3343.0	4513.0	5974.0	7743.0	10016.0	12263.0	15083.0	17737.0	20495.0	22963.0	26187.0	29518.0	33409.0	39781.0	47101.0	57273.0	69259.0	84324.0	103618.0	124488.0	149853.0	180279.0	214849.0	254828.0	302363.0	359678.0	427640.0	517123.0	633254.0	811155.0	1113723.0	1888082.0	1652101.0	538.0
	10.0	11.0	12.0	13.0	14.0	15.0	16.0	17.0	18.0	19.0	20.0	21.0	22.0	23.0	24.0	25.0	26.0	27.0	28.0	29.0	30.0	31.0	32.0	33.0	34.0	35.0	36.0	37.0	38.0	39.0	40.0	41.0	42.0	43.0	44.0
MCW_CT_ROA_96_R1	1.0	3.0	7.0	17.0	48.0	102.0	209.0	431.0	792.0	1574.0	2761.0	4874.0	7791.0	11595.0	16796.0	23459.0	31538.0	41575.0	53501.0	68505.0	84700.0	105054.0	127518.0	154656.0	185763.0	223337.0	266875.0	321386.0	389984.0	479539.0	605116.0	799555.0	1161774.0	2006278.0	1027471.0
	2.0	3.0	4.0	5.0	6.0	7.0	8.0	9.0	10.0	11.0	12.0	13.0	14.0	15.0	16.0	17.0	18.0	19.0	20.0	21.0	22.0	23.0	24.0	25.0	26.0	27.0	28.0	29.0	30.0	31.0	32.0	33.0	34.0	35.0	36.0	37.0	38.0	39.0	40.0	41.0	42.0	43.0	44.0
MCW_CT_ROA_96_R2	4.0	65.0	298.0	438.0	650.0	831.0	1088.0	1583.0	2205.0	2892.0	3758.0	4971.0	6503.0	8121.0	9907.0	12024.0	13932.0	15710.0	17845.0	20045.0	23194.0	26395.0	31505.0	37478.0	45242.0	55108.0	67233.0	81654.0	99006.0	119219.0	142114.0	169561.0	201057.0	238776.0	283606.0	341394.0	412978.0	511531.0	662575.0	933394.0	1696294.0	1901694.0	707.0
	10.0	11.0	12.0	13.0	14.0	15.0	16.0	17.0	18.0	19.0	20.0	21.0	22.0	23.0	24.0	25.0	26.0	27.0	28.0	29.0	30.0	31.0	32.0	33.0	34.0	35.0	36.0	37.0	38.0	39.0	40.0	41.0	42.0	43.0	44.0
MCW_CT_ROA_97_R1	1.0	1.0	7.0	22.0	56.0	73.0	186.0	327.0	641.0	1153.0	2049.0	3295.0	5304.0	7757.0	10993.0	15550.0	21219.0	27765.0	36264.0	46172.0	58360.0	73223.0	89998.0	110871.0	135161.0	164897.0	199888.0	245683.0	301915.0	379777.0	488659.0	660003.0	984453.0	1753357.0	916854.0
	1.0	2.0	3.0	4.0	5.0	6.0	7.0	8.0	9.0	10.0	11.0	12.0	13.0	14.0	15.0	16.0	17.0	18.0	19.0	20.0	21.0	22.0	23.0	24.0	25.0	26.0	27.0	28.0	29.0	30.0	31.0	32.0	33.0	34.0	35.0	36.0	37.0	38.0	39.0	40.0	41.0	42.0	43.0	44.0
MCW_CT_ROA_97_R2	1.0	2.0	72.0	268.0	420.0	559.0	721.0	1025.0	1406.0	1866.0	2442.0	3105.0	4069.0	5363.0	6697.0	8107.0	9796.0	11267.0	12945.0	14619.0	16394.0	18576.0	21081.0	24266.0	28177.0	32804.0	39385.0	46808.0	55309.0	65283.0	77747.0	92056.0	109261.0	130246.0	156985.0	188175.0	229189.0	282921.0	362722.0	485405.0	722876.0	1452455.0	2018245.0	818.0
	11.0	12.0	13.0	14.0	15.0	16.0	17.0	18.0	19.0	20.0	21.0	22.0	23.0	24.0	25.0	26.0	27.0	28.0	29.0	30.0	31.0	32.0	33.0	34.0	35.0	36.0	37.0	38.0	39.0	40.0	41.0	42.0	43.0	44.0
MCW_CT_ROA_99_R1	2.0	7.0	18.0	43.0	77.0	169.0	359.0	728.0	1280.0	2409.0	3892.0	6188.0	9370.0	13396.0	18413.0	24923.0	32781.0	43128.0	55029.0	69412.0	86682.0	107528.0	133148.0	163378.0	202078.0	250673.0	311326.0	391059.0	495985.0	645227.0	873564.0	1270695.0	1958969.0	936283.0
	2.0	3.0	4.0	5.0	6.0	7.0	8.0	9.0	10.0	11.0	12.0	13.0	14.0	15.0	16.0	17.0	18.0	19.0	20.0	21.0	22.0	23.0	24.0	25.0	26.0	27.0	28.0	29.0	30.0	31.0	32.0	33.0	34.0	35.0	36.0	37.0	38.0	39.0	40.0	41.0	42.0	43.0	44.0
MCW_CT_ROA_99_R2	4.0	59.0	218.0	396.0	530.0	814.0	1104.0	1505.0	2088.0	2847.0	3830.0	5360.0	7112.0	9331.0	11910.0	14590.0	16976.0	19439.0	21124.0	23178.0	25606.0	28051.0	31975.0	36639.0	42948.0	50909.0	60290.0	71186.0	85637.0	102285.0	122172.0	146397.0	175394.0	211196.0	255305.0	311004.0	385232.0	491344.0	655618.0	953315.0	1788041.0	1934482.0	778.0

